1001 999 998
1 3 9
1 4 1
1 5 5
1 6 3
1 7 9
1 8 5
1 9 9
1 10 7
1 11 6
1 12 10
1 13 2
1 14 5
1 15 1
1 16 3
1 17 10
1 18 9
1 19 1
1 20 7
1 21 2
1 22 6
1 23 10
1 24 1
1 25 2
1 26 6
1 27 9
1 28 1
1 29 4
1 30 10
1 31 10
1 32 10
1 33 9
1 34 9
1 35 9
1 36 5
1 37 10
1 38 8
1 39 1
1 40 8
1 41 9
1 42 1
1 43 2
1 44 3
1 45 1
1 46 8
1 47 9
1 48 10
1 49 10
1 50 4
1 51 7
1 52 7
1 53 8
1 54 9
1 55 9
1 56 2
1 57 8
1 58 10
1 59 7
1 60 7
1 61 9
1 62 8
1 63 8
1 64 1
1 65 5
1 66 3
1 67 4
1 68 7
1 69 3
1 70 9
1 71 3
1 72 5
1 73 5
1 74 1
1 75 6
1 76 5
1 77 5
1 78 7
1 79 5
1 80 8
1 81 7
1 82 3
1 83 6
1 84 6
1 85 10
1 86 10
1 87 1
1 88 3
1 89 1
1 90 8
1 91 10
1 92 2
1 93 3
1 94 9
1 95 2
1 96 9
1 97 10
1 98 4
1 99 10
1 100 4
1 101 7
1 102 3
1 103 8
1 104 9
1 105 5
1 106 6
1 107 8
1 108 4
1 109 3
1 110 5
1 111 5
1 112 5
1 113 5
1 114 1
1 115 10
1 116 3
1 117 9
1 118 1
1 119 1
1 120 7
1 121 10
1 122 5
1 123 5
1 124 6
1 125 8
1 126 5
1 127 4
1 128 3
1 129 4
1 130 9
1 131 8
1 132 3
1 133 6
1 134 1
1 135 4
1 136 3
1 137 2
1 138 3
1 139 3
1 140 6
1 141 7
1 142 8
1 143 3
1 144 2
1 145 9
1 146 8
1 147 4
1 148 3
1 149 8
1 150 1
1 151 1
1 152 8
1 153 3
1 154 3
1 155 3
1 156 5
1 157 3
1 158 2
1 159 4
1 160 9
1 161 3
1 162 9
1 163 5
1 164 2
1 165 8
1 166 10
1 167 3
1 168 5
1 169 10
1 170 4
1 171 7
1 172 5
1 173 9
1 174 8
1 175 9
1 176 9
1 177 6
1 178 10
1 179 3
1 180 7
1 181 8
1 182 3
1 183 3
1 184 3
1 185 3
1 186 7
1 187 8
1 188 4
1 189 1
1 190 4
1 191 10
1 192 9
1 193 10
1 194 3
1 195 7
1 196 1
1 197 9
1 198 7
1 199 8
1 200 2
1 201 2
1 202 9
1 203 4
1 204 1
1 205 3
1 206 10
1 207 9
1 208 6
1 209 10
1 210 2
1 211 7
1 212 6
1 213 10
1 214 4
1 215 6
1 216 8
1 217 7
1 218 2
1 219 9
1 220 5
1 221 7
1 222 7
1 223 3
1 224 6
1 225 7
1 226 1
1 227 1
1 228 3
1 229 7
1 230 4
1 231 8
1 232 3
1 233 3
1 234 7
1 235 3
1 236 6
1 237 4
1 238 1
1 239 2
1 240 8
1 241 2
1 242 9
1 243 4
1 244 10
1 245 1
1 246 1
1 247 5
1 248 8
1 249 4
1 250 6
1 251 9
1 252 7
1 253 8
1 254 1
1 255 1
1 256 9
1 257 9
1 258 3
1 259 10
1 260 7
1 261 2
1 262 8
1 263 7
1 264 9
1 265 2
1 266 7
1 267 7
1 268 8
1 269 7
1 270 7
1 271 10
1 272 6
1 273 4
1 274 8
1 275 9
1 276 4
1 277 6
1 278 3
1 279 4
1 280 10
1 281 10
1 282 6
1 283 4
1 284 2
1 285 5
1 286 9
1 287 3
1 288 10
1 289 3
1 290 8
1 291 4
1 292 6
1 293 4
1 294 4
1 295 3
1 296 1
1 297 8
1 298 9
1 299 6
1 300 4
1 301 8
1 302 2
1 303 10
1 304 10
1 305 10
1 306 6
1 307 1
1 308 2
1 309 7
1 310 7
1 311 8
1 312 8
1 313 7
1 314 8
1 315 10
1 316 7
1 317 1
1 318 10
1 319 9
1 320 9
1 321 4
1 322 2
1 323 8
1 324 9
1 325 3
1 326 3
1 327 4
1 328 7
1 329 7
1 330 8
1 331 10
1 332 3
1 333 4
1 334 8
1 335 10
1 336 2
1 337 8
1 338 2
1 339 1
1 340 4
1 341 10
1 342 10
1 343 7
1 344 8
1 345 1
1 346 6
1 347 8
1 348 3
1 349 5
1 350 8
1 351 1
1 352 5
1 353 7
1 354 4
1 355 2
1 356 8
1 357 1
1 358 3
1 359 8
1 360 7
1 361 7
1 362 2
1 363 5
1 364 10
1 365 3
1 366 1
1 367 1
1 368 8
1 369 4
1 370 9
1 371 6
1 372 9
1 373 1
1 374 8
1 375 2
1 376 9
1 377 3
1 378 3
1 379 10
1 380 9
1 381 2
1 382 1
1 383 10
1 384 8
1 385 1
1 386 10
1 387 4
1 388 9
1 389 8
1 390 1
1 391 9
1 392 8
1 393 5
1 394 2
1 395 1
1 396 10
1 397 9
1 398 6
1 399 4
1 400 9
1 401 3
1 402 1
1 403 5
1 404 8
1 405 3
1 406 6
1 407 8
1 408 9
1 409 1
1 410 4
1 411 3
1 412 7
1 413 3
1 414 5
1 415 5
1 416 3
1 417 1
1 418 4
1 419 8
1 420 3
1 421 1
1 422 10
1 423 4
1 424 9
1 425 5
1 426 1
1 427 9
1 428 5
1 429 2
1 430 8
1 431 10
1 432 5
1 433 5
1 434 7
1 435 6
1 436 2
1 437 3
1 438 9
1 439 5
1 440 6
1 441 1
1 442 3
1 443 10
1 444 9
1 445 5
1 446 2
1 447 10
1 448 5
1 449 9
1 450 10
1 451 7
1 452 3
1 453 4
1 454 6
1 455 3
1 456 2
1 457 9
1 458 7
1 459 3
1 460 4
1 461 9
1 462 3
1 463 2
1 464 3
1 465 5
1 466 4
1 467 4
1 468 6
1 469 3
1 470 6
1 471 4
1 472 4
1 473 9
1 474 2
1 475 3
1 476 5
1 477 1
1 478 6
1 479 6
1 480 6
1 481 7
1 482 7
1 483 9
1 484 8
1 485 2
1 486 8
1 487 1
1 488 9
1 489 5
1 490 10
1 491 9
492 493 1
492 494 1
492 495 2
492 496 3
492 497 6
492 498 1
492 499 8
492 500 8
492 501 7
492 502 6
492 503 3
492 504 5
492 505 4
492 506 9
492 507 10
492 508 5
492 509 3
492 510 5
492 511 4
492 512 8
492 513 8
492 514 10
492 515 5
492 516 2
492 517 3
492 518 8
492 519 1
492 520 8
492 521 5
492 522 3
492 523 7
492 524 2
492 525 10
492 526 7
492 527 6
492 528 4
492 529 1
492 530 1
492 531 10
492 532 9
492 533 2
492 534 2
492 535 5
492 536 7
492 537 10
492 538 3
492 539 7
492 540 5
492 541 5
492 542 5
492 543 1
492 544 2
492 545 5
492 546 2
492 547 8
492 548 2
492 549 5
492 550 9
492 551 9
492 552 2
492 553 4
492 554 3
492 555 8
492 556 8
492 557 3
492 558 5
492 559 3
492 560 5
492 561 3
492 562 7
492 328 1
492 563 6
492 564 6
492 565 9
492 566 4
492 567 9
492 568 3
492 569 4
492 570 8
492 571 7
492 572 5
492 573 8
492 574 6
492 575 1
492 576 4
492 577 7
492 578 3
492 579 1
492 580 6
492 581 2
492 582 5
492 583 9
492 584 9
492 585 7
492 586 1
492 587 4
492 588 8
492 589 8
492 590 1
492 591 5
492 592 7
492 593 2
492 594 3
492 595 6
492 596 10
492 597 1
598 599 2
598 600 10
598 601 6
598 602 3
598 603 9
598 604 3
598 605 8
598 606 5
598 607 2
598 608 9
598 609 10
598 610 4
598 611 6
598 612 3
598 613 10
598 614 8
598 615 1
598 616 5
598 617 6
598 618 8
598 619 6
598 620 5
598 621 2
598 622 6
598 623 1
598 624 3
598 625 10
598 626 6
598 627 9
598 628 7
598 629 4
598 630 10
598 631 6
598 632 9
598 633 6
598 634 5
598 635 4
598 636 1
598 637 10
598 638 8
639 640 5
639 641 5
639 642 7
639 643 1
639 644 7
639 645 4
639 646 3
639 647 8
639 648 8
649 650 2
649 651 5
649 652 5
649 653 8
649 654 6
649 655 9
649 656 5
649 657 6
649 658 8
649 659 8
649 660 2
649 661 8
649 662 3
649 663 2
649 664 2
649 665 8
649 666 10
649 667 6
649 668 1
649 669 1
649 670 2
649 671 7
649 672 4
649 673 4
649 674 10
649 675 10
649 676 10
649 677 4
649 678 3
649 679 6
649 680 7
649 681 9
649 682 5
649 683 3
649 684 8
649 685 7
649 686 3
649 687 7
649 688 1
649 689 8
649 690 2
649 691 8
649 692 7
649 693 8
649 694 6
649 695 2
649 696 2
649 697 5
649 698 8
649 699 5
649 700 6
649 701 10
649 702 9
649 703 7
649 704 8
649 705 2
649 706 2
649 707 5
649 708 2
649 709 1
649 710 2
649 711 2
649 712 8
649 713 2
649 714 2
649 715 7
649 716 6
649 717 2
649 718 6
649 719 10
649 720 6
649 721 2
649 722 2
649 723 9
649 724 1
649 725 7
649 726 5
649 727 1
649 728 7
649 729 3
649 730 10
649 643 1
649 731 10
649 732 3
649 733 5
649 734 2
649 735 1
649 736 4
649 737 1
649 738 3
649 739 9
649 740 7
649 741 8
649 742 7
649 743 10
649 744 8
649 745 5
649 746 6
649 747 2
649 748 8
649 749 4
649 750 10
649 751 1
649 752 8
649 753 7
649 754 4
649 755 3
649 756 5
649 757 2
649 758 2
649 759 7
649 760 6
649 761 9
649 762 3
589 763 6
589 764 10
589 765 8
589 766 7
589 767 2
589 768 5
589 769 9
589 770 7
589 771 4
589 772 1
589 773 4
589 774 2
589 775 9
589 776 5
589 777 7
589 778 3
589 779 3
589 780 9
589 781 10
589 782 2
589 783 10
589 784 10
589 785 9
589 786 8
589 787 5
589 788 6
589 789 8
589 790 7
589 791 7
589 792 8
589 793 6
589 794 7
589 795 1
589 796 4
589 797 10
589 539 4
589 798 3
589 799 3
589 800 1
589 801 4
589 802 9
589 803 7
589 804 10
589 805 8
589 806 3
589 807 7
589 808 3
589 809 2
589 810 3
589 811 8
589 812 2
589 813 7
589 814 3
589 815 1
589 816 3
589 817 3
589 818 4
589 819 4
589 820 1
589 821 6
589 822 9
589 823 6
589 824 6
589 825 1
589 826 7
589 827 8
589 828 1
589 829 7
589 830 4
589 831 10
589 832 8
589 833 1
589 834 4
589 835 4
589 836 5
589 837 6
589 838 7
589 839 1
589 840 5
589 841 9
589 842 1
589 843 4
589 844 6
589 845 8
589 846 5
589 847 10
589 848 9
589 849 10
589 850 7
589 851 5
589 852 1
589 853 1
589 854 6
589 855 5
589 856 5
589 857 6
589 858 3
589 859 9
589 860 7
589 861 10
589 862 6
589 863 5
589 864 4
589 865 10
589 866 1
589 867 10
589 868 1
589 869 7
589 870 6
589 871 6
589 872 6
589 873 8
589 874 2
589 875 10
589 876 5
589 877 4
589 878 5
589 879 6
589 880 7
589 881 5
589 882 7
589 883 8
589 884 5
589 885 1
589 886 3
589 887 9
589 888 9
589 889 6
589 890 3
589 891 2
589 892 1
589 893 4
589 894 4
589 895 8
589 896 8
589 897 10
589 898 5
589 899 5
589 900 7
589 901 5
589 902 2
589 903 7
589 904 1
589 905 4
589 906 1
589 907 4
589 908 10
589 909 9
589 910 1
589 911 6
589 912 1
589 913 4
589 914 7
589 915 4
589 916 10
589 917 1
589 918 9
589 919 1
589 920 4
589 921 2
589 922 3
589 923 1
589 924 8
589 925 9
589 926 9
589 927 4
589 928 7
589 929 4
589 930 10
589 931 4
589 932 6
589 933 2
589 934 2
589 935 4
589 936 5
589 937 7
589 938 9
589 939 5
589 940 2
589 941 6
589 942 3
589 943 3
589 944 6
589 945 9
589 946 9
589 947 8
589 948 6
589 949 8
589 950 3
589 951 1
589 952 8
589 953 1
589 954 4
589 955 10
589 956 4
589 957 7
589 958 5
589 959 10
589 960 8
589 961 7
589 962 1
589 963 10
589 964 10
589 965 10
589 966 3
589 967 8
589 968 5
589 969 6
589 970 4
589 971 5
589 972 2
589 973 8
589 974 2
589 975 1
589 976 1
589 977 4
589 978 6
589 979 6
589 980 5
589 981 2
589 982 10
589 983 10
589 984 9
589 985 10
589 986 2
589 987 6
589 988 4
589 989 9
589 990 5
589 991 8
589 992 3
589 993 2
589 994 2
589 995 5
589 996 1
589 997 8
589 998 7
589 999 3
589 1000 6
589 1001 5
