5001 4999 5137
1 3 9
1 4 1
1 5 5
1 6 3
1 7 9
1 8 5
1 9 9
1 10 7
1 11 6
1 12 10
1 13 2
1 14 5
1 15 1
1 16 3
1 17 10
1 18 9
1 19 1
1 20 7
1 21 2
1 22 6
1 23 10
1 24 1
1 25 2
1 26 6
1 27 9
1 28 1
1 29 4
1 30 10
1 31 10
1 32 10
1 33 9
1 34 9
1 35 9
1 36 5
1 37 10
1 38 8
1 39 1
1 40 8
1 41 9
1 42 1
1 43 2
1 44 3
1 45 1
1 46 8
1 47 9
1 48 10
1 49 10
1 50 4
1 51 7
1 52 7
1 53 8
1 54 9
1 55 9
1 56 2
1 57 8
1 58 10
1 59 7
1 60 7
1 61 9
1 62 8
1 63 8
1 64 1
1 65 5
1 66 3
1 67 4
1 68 7
1 69 3
1 70 9
1 71 3
1 72 5
1 73 5
1 74 1
1 75 6
1 76 5
1 77 5
1 78 7
1 79 5
1 80 8
1 81 7
1 82 3
1 83 6
1 84 6
1 85 10
1 86 10
1 87 1
1 88 3
1 89 1
1 90 8
1 91 10
1 92 2
1 93 3
1 94 9
1 95 2
1 96 9
1 97 10
1 98 4
1 99 10
1 100 4
1 101 7
1 102 3
1 103 8
1 104 9
1 105 5
1 106 6
1 107 8
1 108 4
1 109 3
1 110 5
1 111 5
1 112 5
1 113 5
1 114 1
1 115 10
1 116 3
1 117 9
1 118 1
1 119 1
1 120 7
1 121 10
1 122 5
1 123 5
1 124 6
1 125 8
1 126 5
1 127 4
1 128 3
1 129 4
1 130 9
1 131 8
1 132 3
1 133 6
1 134 1
1 135 4
1 136 3
1 137 2
1 138 3
1 139 3
1 140 6
1 141 7
1 142 8
1 143 3
1 144 2
1 145 9
1 146 8
1 147 4
1 148 3
1 149 8
1 150 1
1 151 1
1 152 8
1 153 3
1 154 3
1 155 3
1 156 5
1 157 3
1 158 2
1 159 4
1 160 9
1 161 3
1 162 9
1 163 5
1 164 2
1 165 8
1 166 10
1 167 3
1 168 5
1 169 10
1 170 4
1 171 7
1 172 5
1 173 9
1 174 8
1 175 9
1 176 9
1 177 6
1 178 10
1 179 3
1 180 7
1 181 8
1 182 3
1 183 3
1 184 3
1 185 3
1 186 7
1 187 8
1 188 4
1 189 1
1 190 4
1 191 10
1 192 9
1 193 10
1 194 3
1 195 7
1 196 1
1 197 9
1 198 7
1 199 8
1 200 2
1 201 2
1 202 9
1 203 4
1 204 1
1 205 3
1 206 10
1 207 9
1 208 6
1 209 10
1 210 2
1 211 7
1 212 6
1 213 10
1 214 4
1 215 6
1 216 8
1 217 7
1 218 2
1 219 9
1 220 5
1 221 7
1 222 7
1 223 3
1 224 6
1 225 7
1 226 1
1 227 1
1 228 3
1 229 7
1 230 4
1 231 8
1 232 3
1 233 3
1 234 7
1 235 3
1 236 6
1 237 4
1 238 1
1 239 2
1 240 8
1 241 2
1 242 9
1 243 4
1 244 10
1 245 1
1 246 1
1 247 5
1 248 8
1 249 4
1 250 6
1 251 9
1 252 7
1 253 8
1 254 1
1 255 1
1 256 9
1 257 9
1 258 3
1 259 10
1 260 7
1 261 2
1 262 8
1 263 7
1 264 9
1 265 2
1 266 7
1 267 7
1 268 8
1 269 7
1 270 7
1 271 10
1 272 6
1 273 4
1 274 8
1 275 9
1 276 4
1 277 6
1 278 3
1 279 4
1 280 10
1 281 10
1 282 6
1 283 4
1 284 2
1 285 5
1 286 9
1 287 3
1 288 10
1 289 3
1 290 8
1 291 4
1 292 6
1 293 4
1 294 4
1 295 3
1 296 1
1 297 8
1 298 9
1 299 6
1 300 4
1 301 8
1 302 2
1 303 10
1 304 10
1 305 10
1 306 6
1 307 1
1 308 2
1 309 7
1 310 7
1 311 8
1 312 8
1 313 7
1 314 8
1 315 10
1 316 7
1 317 1
1 318 10
1 319 9
1 320 9
1 321 4
1 322 2
1 323 8
1 324 9
1 325 3
1 326 3
1 327 4
1 328 7
1 329 7
1 330 8
1 331 10
1 332 3
1 333 4
1 334 8
1 335 10
1 336 2
1 337 8
1 338 2
1 339 1
1 340 4
1 341 10
1 342 10
1 343 7
1 344 8
1 345 1
1 346 6
1 347 8
1 348 3
1 349 5
1 350 8
1 351 1
1 352 5
1 353 7
1 354 4
1 355 2
1 356 8
1 357 1
1 358 3
1 359 8
1 360 7
1 361 7
1 362 2
1 363 5
1 364 10
1 365 3
1 366 1
1 367 1
1 368 8
1 369 4
1 370 9
1 371 6
1 372 9
1 373 1
1 374 8
1 375 2
1 376 9
1 377 3
1 378 3
1 379 10
1 380 9
1 381 2
1 382 1
1 383 10
1 384 8
1 385 1
1 386 10
1 387 4
1 388 9
1 389 8
1 390 1
1 391 9
1 392 8
1 393 5
1 394 2
1 395 1
1 396 10
1 397 9
1 398 6
1 399 4
1 400 9
1 401 3
1 402 1
1 403 5
1 404 8
1 405 3
1 406 6
1 407 8
1 408 9
1 409 1
1 410 4
1 411 3
1 412 7
1 413 3
1 414 5
1 415 5
1 416 3
1 417 1
1 418 4
1 419 8
1 420 3
1 421 1
1 422 10
1 423 4
1 424 9
1 425 5
1 426 1
1 427 9
1 428 5
1 429 2
1 430 8
1 431 10
1 432 5
1 433 5
1 434 7
1 435 6
1 436 2
1 437 3
1 438 9
1 439 5
1 440 6
1 441 1
1 442 3
1 443 10
1 444 9
1 445 5
1 446 2
1 447 10
1 448 5
1 449 9
1 450 10
1 451 7
1 452 3
1 453 4
1 454 6
1 455 3
1 456 2
1 457 9
1 458 7
1 459 3
1 460 4
1 461 9
1 462 3
1 463 2
1 464 3
1 465 5
1 466 4
1 467 4
1 468 6
1 469 3
1 470 6
1 471 4
1 472 4
1 473 9
1 474 2
1 475 3
1 476 5
1 477 1
1 478 6
1 479 6
1 480 6
1 481 7
1 482 7
1 483 9
1 484 8
1 485 2
1 486 8
1 487 1
1 488 9
1 489 5
1 490 10
1 491 9
492 493 1
492 494 1
492 495 2
492 496 3
492 497 6
492 498 1
492 499 8
492 500 8
492 501 7
492 502 6
492 503 3
492 504 5
492 505 4
492 506 9
492 507 10
492 508 5
492 509 3
492 510 5
492 511 4
492 512 8
492 513 8
492 514 10
492 515 5
492 516 2
492 517 3
492 518 8
492 519 1
492 520 8
492 521 5
492 522 3
492 523 7
492 524 2
492 525 10
492 526 7
492 527 6
492 528 4
492 529 1
492 530 1
492 531 10
492 532 9
492 533 2
492 534 2
492 535 5
492 536 7
492 537 10
492 538 3
492 539 7
492 540 5
492 541 5
492 542 5
492 543 1
492 544 2
492 545 5
492 546 2
492 547 8
492 548 2
492 549 5
492 550 9
492 551 9
492 552 2
492 553 4
492 554 3
492 555 8
492 556 8
492 557 3
492 558 5
492 559 3
492 560 5
492 561 3
492 562 7
492 328 1
492 563 6
492 564 6
492 565 9
492 566 4
492 567 9
492 568 3
492 569 4
492 570 8
492 571 7
492 572 5
492 573 8
492 574 6
492 575 1
492 576 4
492 577 7
492 578 3
492 579 1
492 580 6
492 581 2
492 582 5
492 583 9
492 584 9
492 585 7
492 586 1
492 587 4
492 588 8
492 589 8
492 590 1
492 591 5
492 592 7
492 593 2
492 594 3
492 595 6
492 596 10
492 597 1
598 599 2
598 600 10
598 601 6
598 602 3
598 603 9
598 604 3
598 605 8
598 606 5
598 607 2
598 608 9
598 609 10
598 610 4
598 611 6
598 612 3
598 613 10
598 614 8
598 615 1
598 616 5
598 617 6
598 618 8
598 619 6
598 620 5
598 621 2
598 622 6
598 623 1
598 624 3
598 625 10
598 626 6
598 627 9
598 628 7
598 629 4
598 630 10
598 631 6
598 632 9
598 633 6
598 634 5
598 635 4
598 636 1
598 637 10
598 638 8
639 640 5
639 641 5
639 642 7
639 643 1
639 644 7
639 645 4
639 646 3
639 647 8
639 648 8
649 650 2
649 651 5
649 652 5
649 653 8
649 654 6
649 655 9
649 656 5
649 657 6
649 658 8
649 659 8
649 660 2
649 661 8
649 662 3
649 663 2
649 664 2
649 665 8
649 666 10
649 667 6
649 668 1
649 669 1
649 670 2
649 671 7
649 672 4
649 673 4
649 674 10
649 675 10
649 676 10
649 677 4
649 678 3
649 679 6
649 680 7
649 681 9
649 682 5
649 683 3
649 684 8
649 685 7
649 686 3
649 687 7
649 688 1
649 689 8
649 690 2
649 691 8
649 692 7
649 693 8
649 694 6
649 695 2
649 696 2
649 697 5
649 698 8
649 699 5
649 700 6
649 701 10
649 702 9
649 703 7
649 704 8
649 705 2
649 706 2
649 707 5
649 708 2
649 709 1
649 710 2
649 711 2
649 712 8
649 713 2
649 714 2
649 715 7
649 716 6
649 717 2
649 718 6
649 719 10
649 720 6
649 721 2
649 722 2
649 723 9
649 724 1
649 725 7
649 726 5
649 727 1
649 728 7
649 729 3
649 730 10
649 643 1
649 731 10
649 732 3
649 733 5
649 734 2
649 735 1
649 736 4
649 737 1
649 738 3
649 739 9
649 740 7
649 741 8
649 742 7
649 743 10
649 744 8
649 745 5
649 746 6
649 747 2
649 748 8
649 749 4
649 750 10
649 751 1
649 752 8
649 753 7
649 754 4
649 755 3
649 756 5
649 757 2
649 758 2
649 759 7
649 760 6
649 761 9
649 762 3
589 763 6
589 764 10
589 765 8
589 766 7
589 767 2
589 768 5
589 769 9
589 770 7
589 771 4
589 772 1
589 773 4
589 774 2
589 775 9
589 776 5
589 777 7
589 778 3
589 779 3
589 780 9
589 781 10
589 782 2
589 783 10
589 784 10
589 785 9
589 786 8
589 787 5
589 788 6
589 789 8
589 790 7
589 791 7
589 792 8
589 793 6
589 794 7
589 795 1
589 796 4
589 797 10
589 539 4
589 798 3
589 799 3
589 800 1
589 801 4
589 802 9
589 803 7
589 804 10
589 805 8
589 806 3
589 807 7
589 808 3
589 809 2
589 810 3
589 811 8
589 812 2
589 813 7
589 814 3
589 815 1
589 816 3
589 817 3
589 818 4
589 819 4
589 820 1
589 821 6
589 822 9
589 823 6
589 824 6
589 825 1
589 826 7
589 827 8
589 828 1
589 829 7
589 830 4
589 831 10
589 832 8
589 833 1
589 834 4
589 835 4
589 836 5
589 837 6
589 838 7
589 839 1
589 840 5
589 841 9
589 842 1
589 843 4
589 844 6
589 845 8
589 846 5
589 847 10
589 848 9
589 849 10
589 850 7
589 851 5
589 852 1
589 853 1
589 854 6
589 855 5
589 856 5
589 857 6
589 858 3
589 859 9
589 860 7
589 861 10
589 862 6
589 863 5
589 864 4
589 865 10
589 866 1
589 867 10
589 868 1
589 869 7
589 870 6
589 871 6
589 872 6
589 873 8
589 874 2
589 875 10
589 876 5
589 877 4
589 878 5
589 879 6
589 880 7
589 881 5
589 882 7
589 883 8
589 884 5
589 885 1
589 886 3
589 887 9
589 888 9
589 889 6
589 890 3
589 891 2
589 892 1
589 893 4
589 894 4
589 895 8
589 896 8
589 897 10
589 898 5
589 899 5
589 900 7
589 901 5
589 902 2
589 903 7
589 904 1
589 905 4
589 906 1
589 907 4
589 908 10
589 909 9
589 910 1
589 911 6
589 912 1
589 913 4
589 914 7
589 915 4
589 916 10
589 917 1
589 918 9
589 919 1
589 920 4
589 921 2
589 922 3
589 923 1
589 924 8
589 925 9
589 926 9
589 927 4
589 928 7
589 929 4
589 930 10
589 931 4
589 932 6
589 933 2
589 934 2
589 935 4
589 936 5
589 937 7
589 938 9
589 939 5
589 940 2
589 941 6
589 942 3
589 943 3
589 944 6
589 945 9
589 946 9
589 947 8
589 948 6
589 949 8
589 950 3
589 951 1
589 952 8
589 953 1
589 954 4
589 955 10
589 956 4
589 957 7
589 958 5
589 959 10
589 960 8
589 961 7
589 962 1
589 963 10
589 964 10
589 965 10
589 966 3
589 967 8
589 968 5
589 969 6
589 970 4
589 971 5
589 972 2
589 973 8
589 974 2
589 975 1
589 976 1
589 977 4
589 978 6
589 979 6
589 980 5
589 981 2
589 982 10
589 983 10
589 984 9
589 985 10
589 986 2
589 987 6
589 988 4
589 989 9
589 990 5
589 991 8
589 992 3
589 993 2
589 994 2
589 995 5
589 996 1
589 997 8
589 998 7
589 999 3
589 1000 6
589 1001 5
589 1002 2
589 1003 4
589 1004 9
589 1005 8
589 1006 1
589 1007 6
589 1008 6
589 1009 8
589 1010 8
589 1011 3
589 1012 5
589 1013 2
589 1014 4
589 1015 2
589 1016 7
589 1017 7
589 1018 5
589 1019 4
589 1020 2
589 1021 7
589 1022 5
589 1023 3
589 1024 1
589 1025 9
589 1026 9
589 1027 8
589 1028 2
589 1029 5
589 1030 2
589 1031 8
589 1032 2
589 1033 6
589 1034 10
589 1035 9
589 1036 3
589 1037 5
589 1038 10
589 1039 9
589 1040 7
589 1041 7
589 1042 6
589 1043 1
589 1044 7
589 1045 1
589 1046 7
589 1047 8
589 1048 4
589 1049 7
589 1050 4
589 1051 4
589 1052 4
589 1053 8
589 1054 5
589 1055 3
589 1056 1
589 1057 7
589 1058 4
589 1059 8
589 1060 5
589 1061 6
589 1062 4
589 1063 5
589 1064 7
589 1065 9
589 1066 8
589 1067 6
589 1068 4
589 1069 4
589 1070 7
589 1071 2
589 1072 8
589 1073 8
589 1074 10
589 1075 6
589 1076 9
589 1077 6
589 1078 5
589 1079 7
589 1080 5
589 1081 4
589 1082 2
589 1083 6
589 1084 8
589 1085 4
589 1086 3
589 1087 3
589 1088 7
589 1089 7
589 1090 9
589 1091 8
589 1092 8
589 1093 10
589 1094 8
589 1095 10
589 1096 4
589 1097 9
589 1098 4
589 1099 1
589 1100 6
589 1101 7
589 1102 4
589 1103 1
589 1104 8
589 1105 7
589 1106 8
589 1107 5
589 1108 6
589 1109 6
589 1110 7
589 1111 1
589 1112 1
589 1113 6
589 1114 9
589 1115 5
589 1116 2
589 1117 5
589 1118 1
589 1119 6
589 1120 9
589 1121 5
589 1122 3
589 1123 7
589 1124 2
589 1125 2
589 1126 1
589 1127 8
589 1128 2
589 1129 6
589 1130 9
589 1131 3
589 1132 7
589 1133 7
589 1134 5
589 1135 7
589 1136 5
589 1137 2
589 1138 10
589 1139 2
589 1140 10
589 1141 7
589 1142 1
589 1143 6
589 1144 8
589 1145 6
589 1146 7
589 1147 1
589 1148 5
589 1149 3
589 1150 10
589 1151 8
589 1152 1
589 1153 2
589 1154 2
589 1155 3
589 1156 9
589 1157 7
589 1158 8
589 1159 2
589 1160 3
589 1161 8
589 1162 1
589 1163 8
589 1164 4
589 1165 5
589 1166 7
589 1167 9
589 1168 8
589 1169 2
589 1170 5
589 1171 1
589 1172 2
589 1173 5
589 1174 7
589 1175 3
589 1176 7
589 1177 9
589 1178 4
589 1179 4
589 1180 1
589 1181 6
589 1182 3
589 1183 10
589 1184 3
589 1185 6
589 1186 3
589 1187 8
589 1188 6
589 1189 1
589 1190 9
589 1191 6
589 1192 9
589 1193 9
589 1194 2
589 1195 4
589 1196 7
589 1197 1
589 1198 8
589 1199 6
589 1200 5
589 1201 4
589 1202 6
589 1203 4
589 1204 9
589 1205 10
589 1206 4
589 1207 9
589 1208 10
589 1209 1
589 1210 3
589 1211 1
589 1212 6
589 1213 8
589 1214 6
589 1215 1
589 1216 8
589 1217 10
589 1218 3
589 1219 10
589 1220 3
589 1221 3
589 1222 10
589 1223 3
589 1224 1
589 1225 2
589 1226 6
589 1227 1
589 1228 2
589 1229 7
589 1230 6
589 1231 6
589 1232 2
589 1233 5
589 1234 6
589 1235 3
589 1236 10
589 1237 2
589 1238 4
589 1239 3
589 1240 9
589 1241 5
589 1242 4
589 1243 1
589 1244 1
589 1245 9
589 1246 2
589 1247 6
589 1248 6
589 1249 1
589 1250 6
589 1251 5
589 1252 3
1253 1254 2
1253 1255 5
1253 1256 2
1253 1257 4
1253 1258 1
1253 1259 5
1253 1260 4
1253 193 5
1253 1261 3
1253 1262 6
1253 1263 8
1253 1264 8
1253 1265 9
1253 1266 10
1253 1267 8
1253 1268 7
1253 1269 4
1253 1270 10
1253 1271 9
1253 1272 9
1253 1273 8
1253 1274 9
1253 1275 5
1253 1276 2
1253 1277 6
1253 1278 5
1253 1279 4
1253 1280 2
1253 1281 3
1253 1282 4
1253 1283 10
1253 1284 7
1253 1285 4
1253 1286 6
1253 1287 7
1253 1288 10
1253 1289 8
1253 1290 9
1253 1291 2
1253 1292 6
1253 1293 6
1253 1294 2
1253 1295 7
1253 1296 5
1253 1297 8
1253 1298 1
1253 1299 10
1253 1300 8
1253 1301 4
1253 1302 1
1253 1303 7
1253 342 9
1253 50 4
1253 1304 3
1253 1305 6
1253 1306 7
1253 1307 3
1253 1308 10
1253 1309 6
1253 1310 2
1253 1311 3
1253 1312 10
1253 1313 2
1253 1314 3
1253 1315 4
1253 1316 3
1253 1317 9
1253 1318 6
1253 100 1
1253 1319 10
1253 1320 7
1253 1321 5
1253 1322 9
1253 1323 4
1253 977 2
1253 1324 9
1253 1325 3
1253 1326 4
1253 1327 1
1253 1328 5
1253 1329 4
1253 1330 4
1253 1331 3
1253 1332 1
1253 1333 3
1253 1334 5
1253 1335 9
1253 1336 4
1253 1337 9
1253 1338 6
1253 1339 3
1253 1340 8
1253 1341 7
1253 1342 2
1253 1343 1
1253 1344 1
1253 1345 10
1253 1346 3
1253 1347 4
1253 1348 2
1253 1349 10
1253 1350 10
1253 1351 10
1253 1352 7
1253 1353 3
1253 1354 8
1253 1355 8
1253 1356 4
1253 1357 10
1253 1358 1
1253 1359 3
1253 1360 2
1253 1361 3
1253 1362 1
1253 1363 1
1253 1364 8
1253 1365 5
1253 1366 5
1253 6 3
1253 1367 8
1253 1368 2
1253 1369 3
1253 1370 8
1253 78 3
1253 1371 1
1253 1372 6
1253 1373 3
1253 1374 3
1253 1375 8
1253 1376 1
1253 1377 9
1253 1378 7
1253 1379 2
1253 1380 3
1253 1381 9
1253 1382 6
1253 1383 8
1253 1384 8
1253 1385 6
1253 1386 9
1253 1387 5
1253 1388 4
1253 1389 4
1253 1390 10
1253 1391 4
1253 1392 10
1253 1393 3
1253 1394 7
1253 1395 8
1253 1396 5
1253 1397 4
1253 1398 10
1253 1399 10
1253 1400 10
1253 1401 4
1253 1402 4
1253 1403 3
1253 1404 8
1253 333 9
1253 1405 3
1253 1406 7
1253 1407 7
1253 1408 3
1253 1409 7
1253 1410 6
1253 1411 9
1253 1412 9
1253 1413 4
1253 1414 1
1253 1415 8
1253 1416 2
1253 1417 7
1253 1418 6
1253 1419 6
1253 1420 3
1253 1421 5
1253 1422 6
1253 1423 10
1253 1424 8
1253 1425 10
1253 1426 10
1253 1427 4
1253 1428 5
1253 1429 2
1253 1430 6
1253 1431 5
1253 1432 9
1253 1433 3
1253 1434 3
1253 1435 10
1253 1436 10
1253 1437 9
1253 1438 10
1253 1439 9
1253 1440 8
1253 1441 3
1253 1442 8
1253 1443 4
1253 1444 9
1253 1445 6
1253 1446 2
1253 1447 1
1253 1448 9
1253 49 3
1253 1449 1
1253 1450 2
1253 1451 3
1253 1452 3
1253 1453 4
1253 1454 10
1253 1455 10
1253 1456 3
1253 1457 5
1253 1458 1
1253 1459 1
1253 1460 4
1253 960 2
1253 1461 2
1253 1462 6
1253 1463 8
1253 1464 10
1253 1465 5
1253 1466 1
1253 1467 2
1253 1468 7
1253 639 4
1253 1469 10
1253 1470 3
1253 1471 3
1253 1472 1
1253 1473 7
1253 1474 4
1253 1475 9
1253 1476 7
1253 1477 6
1253 1478 6
1253 1479 5
1253 1480 4
1253 1481 9
1253 1482 2
1253 1483 3
1253 1484 3
1253 1485 3
1253 1486 8
1253 1487 1
1253 1488 9
1253 1489 3
1253 1490 10
1253 1491 1
1253 1492 7
1253 1493 2
1253 1494 7
1253 202 10
1253 1495 6
1253 1496 8
1253 1497 5
1253 1498 3
1253 1499 10
1253 1500 10
1253 1501 1
1253 1502 3
1253 1503 9
1253 1504 9
1253 1505 1
1253 1506 9
1253 1507 2
1253 1508 5
1253 1509 10
1253 1510 3
1253 1511 8
1253 1512 6
1253 1513 5
1253 1514 10
1253 1515 5
1253 1516 10
1253 1517 10
1253 1518 4
1253 544 1
1253 1519 4
1253 1520 10
1253 1521 1
1253 1522 2
1253 1523 7
1253 1524 5
1253 1525 2
1253 922 5
1253 1526 6
1253 1527 10
1253 1528 1
1253 1529 10
1253 1530 4
1253 1531 9
1253 1532 2
1253 1533 8
1253 1534 9
1253 1535 7
1253 1536 3
1253 1537 5
1253 1538 5
1253 1539 10
1253 1540 9
1253 1541 10
1253 1542 8
1253 1543 5
1253 1544 2
1253 1545 10
1253 1546 6
1253 1547 3
1253 1548 10
1253 1549 6
1253 1550 7
1253 1551 1
1253 1552 2
1253 1553 5
1253 1554 7
1253 1555 2
1253 1556 5
1253 1557 6
1253 1558 1
1253 1559 6
1253 1560 4
1253 1561 4
1253 1562 7
1253 1563 7
1253 1564 2
1253 1565 10
1253 1566 9
1253 1567 10
1253 1568 7
1253 1569 8
1253 1570 3
1253 1571 7
1253 1572 1
1253 1573 7
1253 1574 2
1253 1575 8
1253 1576 7
1253 1577 7
1253 1578 4
1253 1579 6
1253 1580 2
1253 1581 6
1253 1582 2
1253 1583 10
1253 1584 8
1253 1585 6
1253 1586 3
1253 1587 7
1253 1588 9
1253 1589 1
1253 1590 10
1253 1591 8
1253 1592 8
1253 1593 9
1253 1594 4
1253 1595 1
1253 1596 4
1253 1597 6
1253 1598 6
1253 1599 3
1253 1600 10
1253 1601 4
1253 1602 10
1253 1603 3
1253 1604 3
643 1605 6
643 1606 4
643 1607 10
643 1608 7
643 1609 3
643 1610 1
643 1611 8
643 1612 8
643 1613 1
643 1614 10
643 1615 5
643 1616 5
643 1617 9
643 1618 10
643 1619 2
643 1620 9
643 1621 7
643 1622 1
643 1623 5
643 1624 2
643 1625 3
643 1626 8
643 1627 5
643 1628 10
643 1629 8
643 1630 3
643 1631 7
643 1632 2
643 1633 5
643 1634 6
643 1635 6
643 1636 6
643 1637 8
643 1638 7
643 1639 5
643 1640 5
643 1641 4
643 1642 3
643 1643 9
643 1644 6
643 1645 5
643 1646 3
643 1647 7
643 1648 6
643 1649 2
643 1650 8
643 1651 2
643 1652 6
643 1653 7
643 1654 5
643 1655 5
643 1656 9
643 1657 8
643 1658 8
643 1659 8
643 1660 2
643 1661 9
643 1662 1
643 1663 9
643 1664 4
643 1665 10
643 1666 3
643 1667 9
643 1668 2
643 1669 8
643 1670 3
643 1671 2
643 1672 1
643 1673 5
643 1674 4
643 1675 9
643 1676 6
643 1677 3
643 1678 2
643 1679 10
643 1680 3
643 1681 10
643 1682 6
643 1683 1
643 1684 6
643 1685 2
643 1686 4
643 1687 8
643 1688 9
643 1689 6
643 1690 8
643 1691 8
643 1692 5
643 1693 10
643 1694 9
643 1695 4
643 1696 2
643 1697 7
643 1698 6
643 1699 3
643 1700 6
643 1701 1
643 1702 6
643 1703 7
643 1704 2
643 1705 5
643 1706 7
643 1707 3
643 1708 10
643 1709 3
643 1710 9
643 1711 10
643 1712 8
643 1713 1
643 1714 2
643 1715 10
643 1716 6
643 1717 8
643 1718 4
643 1719 10
643 1720 7
643 1721 5
643 1722 7
643 1723 5
643 1724 5
643 1725 10
643 1726 3
643 1727 6
643 1728 2
643 1729 6
643 1730 7
643 1731 3
643 1732 4
643 1733 8
643 1734 3
643 1735 5
643 1736 1
643 1737 7
643 1738 9
643 1739 3
643 1740 9
643 1741 5
643 1742 5
643 1743 9
643 1744 7
643 1745 6
643 1746 3
643 1747 2
643 1748 6
643 1749 5
643 1750 4
643 1751 9
643 1752 7
643 1753 1
643 1754 5
643 1755 3
643 1756 5
643 1757 5
643 1758 5
643 1759 7
643 1760 10
643 1761 2
643 1762 2
643 1763 10
643 1764 2
643 1765 10
643 1766 7
643 1767 7
643 1768 4
643 1769 5
643 1770 1
643 1771 8
643 1772 6
643 1773 10
643 1774 2
643 1775 10
643 1776 10
643 1777 10
643 1778 1
643 1779 9
643 1780 10
643 1781 7
643 1782 6
643 1783 10
643 1784 6
643 1785 3
643 1786 3
643 1787 9
643 1788 9
643 1789 9
643 1790 1
643 1791 6
643 1792 6
643 1793 5
643 1794 5
643 1795 6
643 1796 9
643 1797 5
643 1798 4
643 1799 7
643 1800 5
643 1801 5
643 1802 1
643 1803 10
643 1804 7
643 1805 5
643 1806 8
643 1807 5
643 1808 9
643 1809 9
643 1810 2
643 1811 8
643 1812 8
643 1813 2
643 1814 5
643 1815 3
643 1816 8
643 1817 8
643 1818 9
643 1819 9
643 1820 1
643 1821 10
643 1822 1
643 1823 5
643 1824 1
643 1825 1
643 1826 4
643 1827 8
643 1828 6
643 1829 4
643 1830 10
643 1831 6
643 1832 5
643 1833 6
643 1834 4
643 1835 9
643 1836 9
643 1837 6
643 1838 5
643 1839 5
643 1840 5
643 1841 5
643 1842 1
643 1843 8
643 1844 7
643 1845 7
643 1846 1
643 1847 5
643 1848 3
643 1849 8
643 1850 9
643 1851 6
643 1852 1
643 1853 7
643 1854 3
643 1855 3
643 1856 6
643 1857 8
643 1858 7
643 1859 8
643 1860 5
643 1861 2
643 1862 3
643 1863 4
643 1864 3
643 1865 2
643 1866 7
643 1867 1
643 1868 1
643 1869 9
643 1870 10
643 1871 4
643 1872 4
643 1873 5
643 1874 2
643 1875 3
643 1876 5
643 1877 7
643 1878 8
643 1879 1
643 1880 3
643 1881 6
643 1882 4
643 1883 6
643 1884 8
643 1885 8
643 1886 7
643 1887 5
643 1888 6
643 1889 1
643 1890 5
643 1891 4
643 1892 7
643 1893 5
643 1894 8
643 1895 8
643 1896 1
643 1897 8
643 1898 2
643 1899 5
643 1900 3
643 1901 3
643 1902 10
643 1903 8
643 1904 6
643 1905 6
643 1906 6
643 1907 4
643 1908 10
643 1909 3
643 1910 2
643 1911 4
643 1912 7
643 1913 6
643 1914 2
643 1915 4
643 1916 8
643 1917 1
643 1918 5
643 1919 6
643 1920 5
643 1921 8
643 1922 8
643 1923 8
643 1924 9
643 1925 9
643 1926 2
643 1927 2
643 1928 4
643 1929 2
643 1930 1
643 1931 5
643 1932 4
643 1933 6
643 1934 9
643 1935 10
643 1936 7
643 1937 4
643 1938 8
643 1939 4
643 1940 8
643 1941 4
643 1942 2
643 1943 7
643 1944 5
643 1945 10
643 1946 6
643 1947 5
643 1948 7
643 1949 2
643 1950 10
643 1951 4
643 1952 5
643 1953 10
643 1954 4
643 1955 5
643 1956 3
643 1957 9
643 1958 3
643 1959 9
643 1960 5
643 1961 9
643 1962 10
643 1963 10
643 1964 7
643 1965 6
643 1966 2
643 1967 8
643 1968 5
643 1969 7
643 1970 10
643 1971 8
643 1972 7
643 1973 3
643 1974 10
643 1975 10
643 1976 1
643 1977 8
643 1978 6
643 1979 9
643 1980 8
643 1981 6
643 1982 1
643 1983 6
643 1984 6
643 1985 7
643 1986 10
643 1987 1
643 1988 6
643 1989 3
643 1990 4
643 1991 9
643 1992 1
643 1993 9
643 1994 9
643 1995 8
643 1996 1
643 1997 10
643 1998 9
643 1999 10
643 2000 3
643 2001 4
643 2002 8
643 2003 10
643 2004 1
643 2005 1
643 2006 7
643 2007 3
643 2008 1
643 2009 2
643 2010 3
643 2011 2
643 2012 8
643 2013 10
643 2014 9
643 2015 3
643 2016 2
643 2017 5
643 2018 3
643 2019 6
643 2020 10
643 2021 9
643 2022 7
643 2023 5
643 2024 7
643 2025 3
643 2026 2
643 2027 8
643 2028 7
643 2029 8
643 2030 2
643 2031 9
643 2032 4
643 2033 2
643 2034 9
643 2035 5
643 2036 7
643 2037 3
643 2038 8
643 2039 3
643 2040 7
643 2041 9
643 2042 7
643 2043 1
643 2044 9
643 2045 4
643 2046 4
643 2047 6
643 2048 6
643 2049 5
643 2050 9
643 2051 10
643 2052 8
643 2053 10
643 2054 7
643 2055 4
643 2056 5
643 2057 10
643 2058 10
643 2059 5
643 2060 8
643 2061 8
643 2062 10
643 2063 2
643 2064 2
643 2065 4
643 2066 6
643 2067 10
643 2068 10
643 2069 7
643 2070 2
643 2071 5
643 2072 9
643 2073 9
643 2074 3
643 2075 3
643 2076 7
643 2077 1
643 2078 3
643 2079 4
643 2080 7
643 2081 7
643 2082 1
643 2083 4
2084 2085 4
2084 2086 6
2084 2087 4
2084 2088 6
2084 2089 8
2084 2090 3
2084 2091 2
2084 2092 4
2084 2093 10
2084 2094 10
2084 2095 10
2084 2096 10
2084 2097 1
2084 2098 8
2084 2099 5
2084 2100 10
2084 2101 4
2084 2102 9
2084 2103 3
2084 2104 5
2084 2105 1
2084 2106 6
2084 2107 4
2084 2108 8
2084 2109 1
2084 2110 2
2084 2111 2
2084 2112 5
2084 2113 2
2084 2114 5
2084 2115 7
2084 2116 10
2084 2117 10
2084 2118 9
2084 2119 8
2084 2120 6
2084 2121 4
2084 2122 9
2084 2123 9
2084 2124 7
2084 2125 2
2084 2126 10
2084 2127 2
2084 2128 9
2084 2129 10
2084 2130 1
2084 2131 2
2084 2132 5
2084 2133 1
2084 2134 2
2084 2135 9
2084 2136 3
2084 2137 6
2084 2138 4
2084 2139 8
2084 2140 4
2084 2141 1
2084 2142 3
2084 2143 1
2084 2144 10
2084 2145 8
2084 2146 1
2084 2147 5
2084 2148 9
2084 2149 5
2084 2150 2
2084 2151 5
2084 2152 4
2084 760 5
2084 1497 3
2084 2153 4
2084 2154 4
2084 947 10
2084 2155 10
2084 2156 1
2084 2157 1
2084 2158 2
2084 757 4
2084 2159 5
2084 2160 7
681 2161 5
681 668 5
681 2162 9
681 727 4
681 1442 1
681 680 8
681 649 10
681 2163 9
2164 2165 6
2164 2166 1
2164 2167 9
2164 2168 1
2164 2169 3
2164 2170 5
2164 2171 3
2164 2172 5
2164 2173 7
2164 2174 8
2164 2175 4
2164 2176 1
2164 2177 6
2164 2178 8
2164 2179 5
2164 2180 10
2181 2182 6
2181 2183 1
2181 2184 3
2181 2185 9
2181 2186 9
2181 2187 10
2181 2188 5
2181 2189 3
2181 2190 3
2181 2191 5
2181 2192 4
2181 2193 8
2181 2194 9
2181 2195 3
2181 2196 8
2181 2197 4
2181 2112 3
2181 2145 5
2181 2198 7
2181 2199 2
2181 2200 7
2181 2201 3
2181 2202 10
2181 2203 10
2181 2204 10
2181 2205 3
2181 2206 9
2181 2207 2
2181 2208 6
2181 2209 1
2181 2210 5
2181 2211 1
2181 2212 9
2181 2213 7
2181 2214 6
2181 2215 4
2181 2216 10
2181 2217 4
2181 2218 2
2181 2219 5
2181 2220 8
2181 2221 10
2181 2222 2
2181 2223 1
2181 2224 1
2181 2225 7
2181 1540 8
2181 2226 6
2181 2227 1
2181 2228 6
2181 2229 5
2181 2230 7
2181 2231 2
2181 2232 7
2181 2233 1
2181 2234 9
2181 2235 1
2181 2236 2
2181 803 9
2181 2237 3
2181 2238 5
2181 2239 3
2181 442 3
2181 2240 6
2181 2241 10
2181 2242 10
2181 2243 9
2181 2244 9
2181 2245 1
2181 2246 10
2181 2247 9
2181 2248 6
2181 2249 3
2181 2250 5
2181 2251 8
2181 2252 9
2181 2253 1
2181 2254 7
2181 2255 3
2181 1110 7
2181 2153 4
2181 2256 3
2181 979 10
2181 2116 3
2181 2257 6
2181 2258 6
2181 2259 2
2181 2260 3
2181 2261 3
2181 2262 5
2181 2263 9
2181 2264 2
2181 2265 10
2181 2266 1
2181 2267 1
2181 2268 4
2181 2269 7
2181 2270 5
2181 2271 2
2181 2272 2
2181 2273 6
2181 2274 8
2181 2275 3
2181 2276 1
2181 2277 8
2181 2278 1
2181 2279 4
2181 2280 3
2181 2281 2
2181 2282 4
2181 2283 10
2181 2284 3
2181 2285 7
2181 2286 6
2181 2287 7
2181 2288 8
2181 2132 8
2181 2289 1
2181 2290 5
2181 2291 4
2181 2292 3
2181 2293 7
2181 2294 3
2181 2295 6
2181 2296 3
2181 2297 7
2181 1405 6
2181 2298 4
2181 2299 6
2181 2300 8
2181 2301 8
2181 2302 3
2181 714 5
2181 750 5
2181 2303 4
2181 2304 5
2181 2305 6
2181 2306 2
2181 2307 1
2181 2308 5
2181 2309 4
2181 2310 7
2181 2311 9
2181 2312 4
2181 2313 1
2181 2314 8
2181 2315 5
2181 2316 4
2181 2317 3
2181 757 5
2181 2318 8
2181 2319 6
2181 2320 3
2181 2321 1
2181 2322 1
2181 2323 4
2181 2324 5
2181 2325 8
2181 2326 3
2181 2327 6
2181 2328 5
2181 2329 5
2181 2330 8
2181 2331 8
2181 2332 8
2181 2333 7
2181 2334 9
2181 1418 7
2181 2335 4
2181 1509 10
2181 2336 10
2181 2337 5
2181 2338 3
2181 2339 1
2181 2340 4
2181 2341 4
2181 2342 10
2181 2343 2
2181 2344 3
2181 2150 5
2181 2345 6
2181 2346 3
2181 2347 10
2181 2348 4
2181 1393 7
2181 2349 1
2181 2350 3
2181 2351 1
2181 2352 1
2181 2353 8
2181 2354 10
2181 2355 9
2181 2356 3
2181 2357 3
2181 2358 3
2181 2359 6
2181 2360 6
2181 2361 4
2181 2362 1
2181 2363 3
2181 2364 3
2181 2365 3
2181 2366 5
2181 2367 9
2181 2368 2
2181 2369 10
2181 2370 6
2181 2371 6
2181 2372 2
2181 2373 5
2181 2374 9
2181 2375 5
2181 2376 10
2181 2377 5
2181 2378 10
2181 2379 9
2181 2380 10
2181 2381 2
2181 2382 6
2181 2383 6
2181 2384 2
2181 2385 8
2181 2386 8
2181 2387 8
2181 2388 3
2181 2389 4
2181 2390 7
2181 2391 3
2181 2392 6
2181 2393 2
2181 2394 10
2181 2395 7
2181 2396 8
2181 2397 9
2181 2398 5
2181 2399 10
2181 2400 4
2181 2401 2
2181 2402 9
2181 2403 9
2181 2404 2
2181 2405 9
2181 2406 6
2181 2407 8
2181 2408 3
2181 2409 5
2181 2410 6
2181 2411 4
2181 2412 2
2181 2413 7
2181 2414 4
2181 2415 6
2181 2416 3
2181 2417 4
2181 2418 8
2181 2419 3
2181 2420 6
2181 2421 9
2181 2422 1
2181 2423 6
2181 2424 3
2181 2425 3
2181 1533 9
2181 2426 6
2181 2427 7
2181 2428 5
2181 2429 9
2181 2430 3
2181 2431 10
2181 2432 8
2181 2433 2
2181 2434 10
2181 2435 3
2181 2436 9
2181 2437 3
2181 2438 8
2181 2439 10
2181 2440 8
2181 2441 3
2181 2442 2
2181 2443 4
2181 2444 10
2181 2445 10
2181 2446 2
2181 2447 1
2181 748 3
2181 2448 9
2181 2449 5
2181 2450 9
2181 2451 7
2181 2452 10
2181 2453 2
2181 2454 10
2181 2455 3
2181 2456 1
2181 2457 10
2181 2458 8
2181 2459 1
2181 2460 4
2181 2461 4
2181 2462 3
2181 2463 10
2181 2464 5
2181 2465 6
2181 2466 4
2181 2467 8
2181 2468 9
2181 2469 9
2181 2470 6
2181 2471 7
2181 2472 8
2181 2473 10
2181 2474 10
2181 2475 9
2181 2476 9
2181 2477 6
2181 2478 3
2181 2479 3
2181 2086 9
2181 2480 4
2181 2481 5
2181 2482 8
2181 2483 8
2181 2484 3
2181 2485 4
2181 2486 9
2181 2487 8
2181 2488 10
2181 2489 6
2181 2490 4
2181 2491 10
2181 2492 3
2181 2493 1
2181 2494 10
2181 2495 10
2181 2496 6
2181 2497 6
2181 2498 4
2181 2499 2
2181 2500 1
2181 2501 10
2181 2502 6
2181 2503 2
2181 2504 7
2181 2505 7
2181 2506 5
2181 2507 5
2181 2508 6
2181 2509 9
2181 2510 8
2181 2511 1
2181 2512 6
2181 2513 5
2181 2514 5
2181 2515 9
2181 2516 5
2181 2517 1
2181 2518 5
2181 2519 4
2181 2520 1
2181 2521 4
2181 2522 6
2181 2523 2
2181 2524 6
2181 2525 10
2181 2526 1
2181 2527 9
2181 2528 7
2181 2529 10
2181 2530 1
2181 2531 8
2181 2532 7
2181 2533 2
2181 2534 7
2181 2535 1
2181 2536 6
2181 2537 2
2181 2538 7
2181 2539 5
2181 2540 10
2181 2541 3
2181 2542 6
2181 2543 9
2181 2544 2
2181 2545 2
2181 2546 5
2181 2547 6
2181 2548 1
2181 2549 3
2181 2550 9
2181 2551 3
2181 2552 2
2181 2553 8
2181 2554 8
2555 2556 5
2555 2557 7
2555 2558 3
2555 2559 9
2555 2560 9
2555 2561 1
2555 2562 7
2555 2563 3
2555 2564 4
2555 2565 1
2555 1405 7
2555 2566 2
2555 2567 8
2555 2568 6
2555 2569 6
2555 2570 6
2555 2571 1
2555 2572 6
2555 2573 3
2555 2574 7
2555 2575 1
2555 2576 8
2555 2577 10
2555 2578 10
2555 2579 4
2555 2580 6
2555 2581 6
2555 2582 6
2555 2583 4
2555 2584 6
2555 2585 7
2555 2586 8
2555 2587 3
2555 2588 4
2555 2589 9
2555 2590 8
2555 2591 8
2555 2592 7
2555 2593 1
2555 2594 6
2555 2595 5
2555 2596 9
2555 2597 7
2555 2598 1
2555 2599 6
2555 2600 10
2555 2601 3
2555 2602 7
2555 2603 3
2555 2604 5
2555 2605 9
2555 2606 9
2555 2607 1
2555 2608 5
2555 2609 3
2555 2610 6
2555 2611 2
2555 2612 1
2555 2613 6
2555 2614 3
2555 2615 7
2555 2616 8
2555 2617 6
2555 2618 4
2555 2619 9
2555 2620 10
2555 2621 9
2555 2622 8
2555 2623 1
2555 2624 1
2555 2625 2
2555 2626 5
2555 2627 8
2555 2628 4
2555 2629 3
2555 2630 8
2555 2631 2
2555 2632 8
2555 2633 5
2555 2634 5
2555 2635 5
2555 2636 7
2555 2637 10
2555 2638 2
2555 2639 10
2555 2640 10
2555 2641 8
2555 2642 8
2555 2643 7
2555 2644 10
2555 2645 8
2555 2646 2
2555 2647 9
2555 2648 1
2555 2649 8
2555 2650 1
2555 2651 7
2555 2652 3
2555 2653 5
2555 2654 3
2555 2655 3
2555 2656 10
2555 2657 4
2555 2658 3
2555 2659 5
2555 2660 3
2555 2661 8
2555 2662 9
2555 2663 3
2555 2664 7
2555 2665 4
2555 2666 6
2555 2667 1
2555 2668 2
2555 2669 2
2555 2670 5
2555 2671 3
2555 2672 5
2555 2673 4
2555 2674 5
2555 2675 10
2555 2676 7
2555 2677 3
2555 2678 9
2555 2679 5
2555 2680 4
2555 2681 10
2555 2682 3
2555 2683 10
2555 2684 10
2555 2685 7
2555 2686 7
2555 2687 8
2555 2688 3
2555 2689 8
2555 2506 5
2555 2690 5
2555 2691 7
2555 2692 8
2555 2693 3
2555 2694 9
2555 2695 3
2555 2696 10
2555 2697 1
2555 2698 6
2555 2699 7
2555 2700 10
2555 2701 10
2555 2702 2
2555 2703 3
2555 2704 8
2555 2705 3
2555 2706 3
2555 2707 6
2555 2708 5
2555 2709 3
2555 2710 6
2555 2711 5
2555 2712 5
2555 2713 7
2555 2714 8
2555 2715 9
2555 2716 4
2555 2717 7
2555 612 10
2555 2718 10
2555 2719 10
2555 2720 1
2555 2721 6
2555 2722 7
2555 2723 5
2555 2724 3
2555 2725 8
2555 2726 8
2555 2727 6
2555 2728 7
2555 2729 3
2555 2730 6
2555 2731 5
2555 2732 4
2555 2733 2
2555 2734 5
2555 2735 9
2555 2736 7
2555 2737 3
2555 2738 7
2555 2739 4
2555 2740 6
2555 2741 5
2555 2742 9
2555 2743 7
2555 2744 7
2555 2745 4
2555 731 5
2555 2746 10
2555 2747 6
2555 2748 9
2555 2749 4
2555 2750 8
2555 2751 4
2555 2752 7
2555 2753 2
2555 2754 4
2555 2755 10
2555 2756 8
2555 601 2
2555 1380 5
2555 2757 4
2555 2758 4
2555 2759 2
2555 2760 1
2555 2761 7
2555 2762 3
2555 2763 3
2555 2764 2
2555 2765 7
2555 643 6
2555 2766 7
2555 2767 10
2555 2768 7
2555 2769 2
2555 2770 10
2555 2771 8
2555 2772 10
2555 2773 3
2555 2774 7
2555 2775 1
2555 2776 2
2555 2777 1
2555 2778 10
2555 2779 3
2555 2780 5
2555 2781 8
2555 2782 3
2555 2783 2
2555 2784 1
2555 2785 10
2555 2786 2
2555 2787 5
2555 2788 2
2555 2789 4
2555 2790 7
2555 2791 2
2555 2792 8
2555 2793 3
2555 2794 4
2555 2795 9
2555 2796 7
2555 2797 3
2798 2799 5
2798 2800 1
2798 2801 5
2798 2802 5
2798 2803 7
2798 2804 1
2798 2805 2
2798 2692 4
2798 2806 7
2798 2807 8
2798 2808 9
2798 2809 1
2798 2810 8
2798 2811 4
2798 2812 5
2798 2813 2
2798 2814 6
2798 2815 5
2798 2816 8
2798 2817 9
2798 2818 9
2798 2819 1
2798 2820 5
2798 2821 10
2798 2822 8
2798 485 7
2798 2823 7
2798 2824 2
2798 2825 6
2798 2826 4
2798 2827 8
2798 2828 6
2798 2829 2
2798 2830 9
2798 2831 8
2798 2832 3
2798 2833 4
2798 2834 9
2798 2835 2
2798 2836 5
2798 2837 4
2798 2838 8
2798 2839 7
2798 2840 2
2798 2841 8
2798 2842 4
2798 2843 2
2798 2844 5
2798 2845 9
2798 2846 5
2798 2847 4
2798 1285 2
2798 2848 3
2798 2849 1
2798 2850 2
2798 2851 8
2798 2852 2
2798 2853 6
2798 2854 6
2798 2855 1
2798 2856 5
2798 2857 3
2798 2858 5
2798 2859 2
2798 2860 6
2798 2861 5
2798 2862 2
2798 2863 5
2798 1469 10
2798 2864 6
2798 2865 6
2798 2866 3
2798 2867 6
2798 2868 2
2798 2869 7
2798 2870 2
2798 2871 7
2798 2872 9
2798 2873 3
2798 2874 6
2798 2875 5
2798 2876 2
2798 2877 7
2798 2878 5
2798 2879 3
2798 2880 8
2798 2881 4
2798 2882 5
2798 2883 10
2798 2884 1
2798 2885 6
2798 2886 3
2798 2887 10
2798 2888 3
2798 2889 10
2798 2890 9
2798 2891 8
2798 2892 9
2798 2893 8
2798 2894 6
2798 2895 8
2798 2726 3
2798 2896 4
2798 2897 7
2798 2898 3
2798 2899 3
2798 2900 4
2798 2901 8
2798 2902 2
2798 2903 7
2798 2904 5
2798 2905 9
2798 2906 7
2798 2907 3
2798 2908 5
2798 2909 10
2798 2910 1
2798 2911 6
2798 1435 9
2798 557 5
2798 2912 10
2798 2913 3
2798 2914 1
2798 2915 6
2798 2916 4
2798 2917 10
2798 2918 8
2798 2919 3
2798 2920 9
2798 2921 8
2798 2922 1
2798 2923 5
2798 2924 6
2798 2925 2
2798 2926 2
2798 2927 5
2798 2928 7
2798 2929 2
2798 2930 10
2798 2931 8
2798 1543 9
2798 2932 7
2798 2933 6
2798 2934 5
2798 2935 9
2798 2936 10
2798 2937 5
2798 2938 7
2798 2939 7
2798 2940 5
2798 2941 2
2798 2942 8
2798 2943 1
2798 2944 6
2798 1533 6
2798 2945 4
2798 2946 8
2798 1441 4
2798 2947 5
2798 2948 10
2798 2949 5
2798 2950 5
2798 2951 10
2798 2952 6
2798 2953 4
2798 2954 6
2798 2955 2
2798 2956 2
2798 2957 3
2798 2958 3
2798 2959 1
2798 2960 9
2798 2961 10
2798 2962 9
2798 2963 6
2798 2964 8
2798 2965 5
2798 2966 10
2798 2967 2
2798 2968 3
2798 2969 10
2798 2970 5
2798 2971 10
2798 1568 4
2798 2972 5
2798 2973 9
2798 2974 10
2798 2975 1
2798 2976 4
2798 2977 4
2798 2978 1
2798 2979 8
2798 2980 1
2798 2981 8
2798 2982 8
2798 2983 8
2798 2984 6
2798 2985 10
2798 2986 1
2798 2987 7
2798 2988 6
2798 2989 2
2798 2990 4
2798 2991 1
2798 2992 7
2798 2993 9
2798 2994 8
2798 2995 8
2798 2996 4
2798 2997 4
2798 2998 4
2798 2999 8
2798 1379 4
2798 3000 3
2798 3001 3
2798 3002 5
2798 3003 2
2798 3004 4
2798 3005 3
2798 3006 4
2798 3007 8
2798 3008 2
2798 3009 10
2798 3010 1
2798 3011 1
2798 3012 2
2798 3013 8
2798 3014 5
2798 3015 3
2798 3016 1
2798 3017 8
2798 3018 9
2798 3019 1
2798 643 3
2798 3020 5
2798 1405 3
2798 3021 10
2798 3022 3
2798 3023 8
2798 3024 10
2798 3025 1
2798 3026 2
2798 3027 4
2798 3028 6
2798 3029 2
2798 3030 6
2798 3031 2
2798 3032 1
2798 3033 2
2798 3034 4
2798 3035 10
2798 3036 4
2798 3037 3
2798 3038 6
2798 3039 5
2798 3040 8
2798 2150 9
2798 3041 1
2798 3042 4
2798 3043 5
2798 3044 6
2798 3045 4
2798 3046 9
2798 2339 10
2798 3047 4
2798 3048 2
2798 3049 4
2798 1546 7
2798 3050 2
2798 3051 9
2798 3052 7
2798 3053 7
2798 3054 6
2798 3055 5
2798 2321 5
2798 3056 10
2798 3057 2
2798 3058 3
2798 3059 6
2798 3060 4
2798 3061 8
2798 3062 10
2798 3063 6
2798 3064 9
2798 3065 5
2798 3066 4
2798 3067 5
2798 3068 6
2798 2689 4
2798 3069 9
2798 3070 7
2798 3071 2
2798 3072 9
2798 3073 6
2798 3074 6
2798 3075 6
2798 3076 3
2798 3077 6
2798 3078 1
2798 3079 5
2798 3080 1
2798 451 5
2798 3081 7
2798 3082 6
2798 3083 1
2798 3084 6
2798 3085 6
2798 3086 9
2798 3087 1
2798 3088 9
2798 3089 1
2798 3090 8
2798 3091 4
2798 3092 2
2798 3093 6
2798 3094 8
2798 3095 3
2798 3096 2
2798 3097 4
2798 3098 5
2798 3099 1
2714 3100 5
2714 3101 2
2714 3102 10
2714 27 1
2714 3103 2
2714 3104 2
2714 3105 10
2714 3106 8
2714 3107 9
2714 3108 4
2714 3109 9
2714 3110 5
2714 3111 3
2714 3112 9
2714 3113 6
2714 3114 5
2714 3115 6
2714 3116 1
2714 3117 6
2714 3118 6
2714 3119 4
2714 3120 10
2714 3121 9
2714 3122 2
2714 3123 6
2714 3124 6
2714 3125 3
2714 3126 10
2714 3127 2
2714 3128 7
2714 3129 1
2714 3130 3
2714 3131 4
2714 3132 1
2714 3133 10
2714 3134 9
2714 3135 8
2714 3136 4
2714 3137 6
2714 3138 10
2714 2789 3
2714 2692 6
2714 3139 5
2714 3140 5
2714 3141 2
2714 3142 2
2714 3143 10
2714 3144 5
2714 3145 10
2714 3146 8
2714 3147 4
2714 3148 9
2714 3149 4
2714 3150 6
2714 3151 3
2714 3152 6
2714 3153 4
2714 3154 5
2714 3155 4
2714 3156 6
2714 2600 2
2714 3157 3
2714 3158 6
2714 3159 9
2714 3160 8
2714 3161 7
2714 3162 7
2714 3163 10
2714 3164 7
2714 3165 4
2714 3166 7
2714 3167 9
2714 3168 5
2714 3169 1
2714 115 1
2714 3170 3
2714 3171 8
2714 3172 10
2714 3173 2
2714 3174 10
2714 3175 3
2714 3176 8
2714 3177 3
2714 3178 10
2714 3179 10
2714 3180 5
2714 3181 2
2714 3182 4
2714 3183 6
2714 3184 6
2714 3185 8
2714 3186 4
2714 3187 1
2714 3188 4
2714 3189 10
2714 3190 2
2714 3191 9
2714 3192 5
2714 3193 6
2714 3194 8
2714 3195 3
2714 3196 10
2714 3197 3
2714 3198 2
2714 3199 3
2714 3200 9
2714 3201 8
2714 3202 2
2714 3203 8
2714 3204 6
2714 3205 6
2714 3206 5
2714 3207 10
2714 3208 4
2714 3209 10
2714 3210 10
2714 3211 1
2714 3212 8
2714 3213 4
2714 3214 4
2714 3215 3
2714 3216 7
2714 3217 1
2714 3218 10
2714 3219 10
2714 3220 1
2714 2713 7
2714 3221 10
2714 3222 4
2714 3223 2
2714 3224 1
2714 3225 4
2714 3226 7
2714 3227 8
2714 3228 6
2714 3229 8
2714 3230 2
2714 3231 7
2714 3232 9
2714 3233 6
2714 3234 2
2714 3235 2
2714 3236 1
2714 3237 8
2714 3238 1
2714 3239 2
2714 3240 6
2714 3241 6
2714 3242 2
2714 3243 2
2714 3244 1
2714 3245 1
2714 3246 9
2714 3247 7
2714 3248 2
2714 3249 9
2714 3250 10
2714 3251 7
2714 3252 5
2714 3253 7
2714 3254 3
2714 3255 10
2714 3256 3
2714 3257 8
2714 3258 8
2714 3259 9
2714 3260 8
2714 3261 4
2714 3262 4
2714 2705 5
2714 3263 2
2714 3264 5
2714 3265 2
2714 3266 6
2714 3267 2
2714 3268 2
2714 3269 7
2714 2609 8
2714 3270 4
2714 3271 10
2714 3272 5
2714 3273 2
2714 3274 4
2714 3275 5
2714 3276 6
2714 3277 7
2714 3278 3
2714 3279 8
2714 3280 4
2714 3281 3
2714 2587 9
2714 3282 7
2714 3283 10
2714 3284 1
2714 3285 8
2714 3286 10
2714 3287 2
2714 3288 9
2714 3289 10
2714 3290 8
2714 3291 9
2714 3292 5
2714 3293 6
2714 3294 2
2714 3295 9
2714 3296 2
2714 3297 7
2714 3298 9
2714 3299 3
2714 3300 3
2714 3301 8
2714 3302 3
2714 3303 1
2714 3304 2
2714 3305 5
2714 3306 1
2714 3307 1
2714 3308 1
2714 3309 6
2714 3310 1
2714 3311 2
2714 3312 10
2714 3313 7
2714 3314 7
2714 3315 8
2714 3316 5
2714 3317 9
2714 3318 7
2714 3319 4
2714 3320 8
2714 3321 5
2714 3322 10
2714 3323 3
2714 3324 6
2714 3325 7
2714 3326 10
2714 3327 5
2714 3328 10
2714 3329 7
2714 3330 7
2714 3331 1
2714 3332 10
2714 3333 5
2714 3334 2
2714 3335 9
2714 3336 6
2714 3337 3
2714 3338 9
2714 3339 4
2714 3340 1
2714 3341 7
2714 3342 2
2714 3343 8
2714 3344 8
2714 3345 7
2714 3346 1
2714 3347 6
2714 3348 2
2714 3349 7
2714 3350 7
2714 3351 6
2714 3352 3
2714 3353 7
2714 3354 2
2714 3355 8
2714 3356 9
2714 3357 10
2714 3358 3
2714 3359 2
2714 3360 4
2714 3361 5
2714 3362 8
2714 3363 8
2714 3364 10
2714 3365 6
2714 3366 5
2714 3367 5
2714 3368 7
2714 3369 5
2714 3370 10
2714 3371 4
2714 3372 7
2714 3373 4
2714 3374 4
2714 3375 9
2714 3376 6
2714 3377 9
2714 3378 5
2714 3379 1
2714 3380 5
2714 3381 6
2714 3382 2
2714 3383 9
2714 3384 8
2714 3385 1
2714 3386 9
2714 3387 1
2714 3388 7
2714 3389 8
2714 3390 7
2714 3391 7
2714 3392 7
2714 3393 4
2714 3394 3
2714 3395 1
2714 3396 6
2714 3397 7
2714 2591 3
2714 3398 9
2714 3399 3
2714 3400 1
2714 3401 6
2714 3402 3
2714 3403 4
2714 3404 8
2714 3405 2
2714 3406 5
2714 3407 4
2714 3408 1
2714 3409 9
2714 3410 6
2714 3411 4
2714 3412 10
2714 3413 2
2714 3414 9
2714 3415 1
2714 3416 5
2714 3417 8
2714 3418 7
2714 3419 9
2714 3420 7
2714 3421 6
2714 3422 1
2714 3423 2
2714 3424 2
2714 3425 3
2714 3426 10
2714 3427 8
2714 3428 8
2714 3429 7
2714 3430 1
2714 3431 8
2714 3432 3
2714 3433 1
2714 3434 7
2714 3435 5
2714 3436 4
2714 3437 9
2714 2719 4
2714 3438 2
2714 3439 4
2714 3440 10
2714 3441 7
2714 3442 9
2714 3443 4
2714 2742 10
2714 3444 9
2714 3445 10
2714 3446 5
2714 3447 9
2714 3448 10
2714 3449 7
2714 3450 1
2714 3451 2
2714 3452 8
2714 3453 9
2714 3454 10
2714 3455 4
2714 3456 9
2714 3457 1
2714 3458 5
2714 3459 4
2714 3460 1
2714 3461 6
2714 3462 7
2714 3463 4
2714 3464 7
2714 3465 1
2714 3466 7
2714 3467 6
2714 3468 1
2714 3469 8
2714 3470 9
2714 3471 6
2714 2583 1
2714 3472 8
2714 2830 10
2714 3473 6
2714 3474 2
2714 3475 5
2714 3476 8
2714 3477 2
2714 3478 7
2714 3479 7
2714 3480 9
2714 3481 2
2714 3482 6
2714 3483 3
2714 3484 1
2714 3485 8
2714 3486 4
2714 3487 6
2714 3488 1
2714 3489 7
2714 3490 9
2714 3491 8
2714 3492 4
2714 285 4
2714 3493 4
2714 3494 3
2714 3495 4
2714 3496 9
2714 3497 1
2714 3498 8
2714 3499 2
2714 3500 7
2714 3501 7
2714 3502 3
2714 3503 9
2714 3504 3
2714 3505 7
2714 3506 3
2714 3507 6
2714 3508 10
2714 3509 9
2714 3510 6
2714 3511 3
2714 3512 10
2714 3513 5
2714 3514 10
2714 3515 6
2714 3516 10
2714 3517 9
2714 3518 3
2714 3519 4
2714 3520 7
2714 3521 10
2714 3522 3
2714 3523 2
2714 3524 6
2714 3525 9
2714 3526 6
2714 3527 3
2714 3528 9
2714 3529 1
2714 3530 10
2714 3531 3
2714 3532 1
2714 3533 10
2714 3534 1
2714 3535 2
2714 3536 2
2714 3537 4
2714 3538 8
2714 3539 9
2714 3540 3
2714 3541 7
2714 3542 2
2714 3543 2
2714 3544 9
2714 3545 6
2714 3546 9
2714 3547 1
2714 3548 8
2714 3549 7
2714 3550 7
2714 2708 3
2714 3551 10
2714 3552 1
2714 3553 6
2714 3554 10
2714 3555 1
2714 3556 1
2714 3557 1
2714 3558 4
2714 3559 1
2714 3560 6
2714 3561 9
2714 3562 5
2714 3563 10
2714 3564 7
2714 3565 1
2714 3566 6
2714 3567 5
2714 3568 9
2714 3569 3
2714 3570 7
2714 3571 8
2714 3572 8
2714 3573 4
2714 3574 7
2714 3575 8
2714 3576 6
2714 3577 8
2714 3578 2
2714 3579 3
3580 3581 4
3580 3582 1
3580 3583 6
3580 3584 6
3580 3585 4
3580 3586 6
3580 3587 8
3580 3588 5
3580 3589 3
3580 3590 7
3580 3591 1
3580 3592 3
3580 3593 2
3580 3594 3
3580 3595 4
3580 3596 10
3580 3597 8
3580 3598 1
3580 3599 7
3580 3600 7
3580 3601 6
3580 3602 1
3580 3603 8
3580 3604 3
3580 3605 2
3580 3606 3
3580 3607 5
3580 3608 10
3580 3609 7
3580 3610 6
3580 3611 6
3580 3612 5
3580 3613 8
3580 3614 6
3580 3615 8
3580 3616 1
3580 3617 10
3580 3618 7
3580 3619 1
3580 3620 9
3580 3621 4
3580 3622 8
3580 3623 6
3580 3624 2
3580 3625 9
3580 3626 7
3580 3627 6
3580 3628 7
3580 3629 2
3580 3630 9
3580 3631 10
3580 3632 3
3580 3633 6
3580 3634 5
3580 3635 9
3580 3636 8
3580 3637 7
3580 3638 9
3580 3639 9
3580 3640 2
3580 3641 1
3580 3642 7
3580 3643 5
3580 3644 10
3580 3645 9
3580 3646 7
3580 3647 10
3580 3648 6
3580 3649 9
3580 3650 9
3580 3651 8
3580 3652 4
3580 3653 2
3580 3654 5
3580 3655 9
3580 3656 2
3580 3657 6
3580 3658 1
3580 3659 10
3580 3660 4
3580 3661 3
3580 3662 9
3580 3663 6
3580 3664 8
3580 3665 1
3580 3666 3
3580 3667 6
3580 3668 4
3580 3669 3
3580 3670 5
3580 3671 10
3580 3672 8
3580 3673 6
3580 3674 6
3580 3675 4
3580 3676 7
3580 3677 5
3580 3678 4
3580 3679 6
3580 3680 9
3580 3681 1
3580 3682 4
3580 3683 10
3580 3684 5
3580 3685 1
3580 3686 4
3580 3687 9
3580 3688 4
3580 3689 10
3580 3690 7
3580 3691 1
3580 3692 3
3580 3693 3
3580 3694 6
3580 3695 4
3580 3696 10
3580 3697 5
3580 3698 1
3580 3699 8
3580 3700 9
3580 3701 7
3580 3702 4
3580 3703 6
3580 3704 6
3580 3705 5
3580 3706 1
3580 3707 2
3580 3708 8
3580 3709 3
3580 3710 5
3580 3711 8
3580 3712 8
3580 3713 1
3580 3714 8
3580 3715 7
3580 3716 7
3580 3717 8
3580 3718 6
3580 3719 4
3580 3720 7
3580 3721 8
3580 3722 1
3580 3723 4
3580 3724 6
3580 3725 10
3580 3726 2
3580 3727 5
3580 3728 2
3580 3729 3
3580 3730 9
3580 3731 8
3580 3732 8
3580 3733 5
3580 3734 2
3580 3735 9
3580 3736 9
3580 3737 9
3580 3738 10
3580 3739 10
3580 3740 2
3580 3741 3
3580 3742 3
3580 3743 4
3580 3744 8
3580 3745 2
3580 3746 5
3580 3747 2
3580 3748 8
3580 3749 9
3580 3750 9
3580 3751 2
3580 3752 6
3580 3753 4
3580 3754 9
3580 3755 9
3580 3756 5
3580 3757 6
3580 3758 7
3580 3759 8
3580 3760 7
3580 3761 2
3580 3762 3
3580 3763 1
3580 3764 5
3580 3765 9
3580 3766 1
3580 3767 1
3580 3768 9
3580 3769 5
3580 3770 3
3580 3771 5
3580 3772 7
3580 3773 2
3580 3774 9
3580 3775 4
3580 3776 4
3580 3777 2
3580 3778 2
3580 3779 8
3580 3780 9
3580 3781 6
3580 3782 7
3580 3783 9
3580 3784 9
3580 3785 8
3580 3786 8
3580 3787 2
3580 3788 2
3580 3789 5
3580 3790 8
3580 3791 5
3580 3792 6
3580 3793 1
3580 3794 1
3580 3795 5
3580 3796 10
3580 3797 8
3580 3798 1
3580 3799 5
3580 3800 9
3580 3801 6
3580 3802 6
3580 3803 10
3580 3804 4
3580 3805 1
3580 3806 1
3580 3807 4
3580 3808 8
3580 3809 1
3580 3810 9
3580 3811 6
3580 3812 3
3580 3813 4
3580 3814 10
3580 3815 7
3580 3816 6
3580 3817 9
3580 3818 9
3580 3819 9
3580 3820 7
3580 3821 8
3580 3822 1
3580 3823 4
3580 3824 4
3580 3825 3
3580 3826 3
3580 3827 1
3580 3828 1
3580 3829 9
3580 3830 8
3580 3831 3
3580 3832 5
3580 3833 9
3580 3834 9
3580 3835 9
3580 3836 10
3580 3837 4
3580 3838 4
3580 3839 3
3580 3840 7
3580 3841 10
3580 3842 2
3580 3843 10
3580 3844 2
3580 3845 10
3580 3846 10
3580 3847 3
3580 3848 1
3580 3849 7
3580 3850 6
3580 3851 5
3580 3852 2
3580 3853 10
3580 3854 2
3580 3855 3
3580 3856 6
3580 3857 9
3580 3858 7
3580 3859 6
3580 3860 1
3580 3861 4
3580 3862 7
3580 3863 10
3580 3864 8
3580 3865 9
3580 3866 5
3580 3867 9
3580 3868 4
3580 3869 9
3580 3870 9
3580 3871 6
3580 3872 1
3580 3873 5
3580 3874 10
3580 3875 8
3580 3876 6
3580 3877 8
3580 3878 6
3580 3879 4
3580 3880 3
3580 3881 1
3580 3882 5
3580 3883 2
3580 3884 10
3580 3885 3
3580 3886 10
3580 3887 4
3580 3888 2
3580 3889 7
3580 3890 7
3580 3891 7
3580 3892 1
3580 3893 6
3580 3894 8
3580 3895 9
3580 3896 8
3580 3897 4
3580 3898 1
3580 3899 5
3580 3900 2
3580 3901 10
3580 3902 9
3580 3903 5
3580 3904 9
3580 3905 5
3580 3906 5
3580 3907 8
3580 3908 2
3580 3909 9
3580 3910 1
3580 3911 9
3580 3912 3
3580 3913 9
3580 3914 1
3580 3915 7
3580 3916 10
3580 3917 7
3580 3918 1
3580 3919 6
3580 3920 8
3580 3921 10
3580 3922 5
3580 3923 5
3580 3924 10
3580 3925 9
3580 1649 7
3580 3926 6
3580 3927 4
3580 3928 3
3580 3929 3
3580 3930 10
3580 3931 7
3580 3932 4
3580 3933 4
3580 3934 7
3580 3935 10
3580 3936 2
3580 3937 2
3580 3938 10
3580 3939 7
3580 3940 8
3580 3941 7
3580 3942 2
3580 3943 7
3580 3944 4
3580 3945 2
3580 3946 4
3580 3947 4
3580 3948 4
3580 3949 8
3580 3950 7
3580 3951 2
3580 3952 2
3580 3953 4
3580 3954 8
3580 3955 8
3580 3956 5
3580 3957 3
3580 3958 7
3580 3959 4
3580 3960 3
3580 3961 2
3580 3962 7
3580 3963 8
3580 3964 4
3580 3965 2
3580 3966 9
3580 3967 1
3580 3968 2
3580 3969 9
3580 3970 1
3580 3971 4
3580 3972 9
3580 3973 4
3580 3974 3
3580 3975 7
3580 3976 9
3580 3977 3
3580 3978 4
3580 3979 9
3580 3980 3
3580 3981 2
3580 3982 2
3580 3983 3
3580 3984 3
3580 3985 9
3580 3986 8
3580 3987 6
3580 3988 7
3580 3989 6
3580 3990 3
3580 3991 6
3580 3992 4
3580 3993 3
3580 3994 4
3580 3995 6
3580 3996 8
3580 3997 9
3580 3998 7
3580 3999 5
3580 4000 2
3580 4001 1
3580 4002 10
3580 4003 9
3580 4004 8
3580 4005 1
3580 4006 4
3580 4007 6
3580 4008 6
3580 4009 8
3580 4010 5
3580 4011 5
3580 4012 3
3580 4013 8
3580 4014 7
3580 4015 7
3580 4016 1
3580 4017 8
3580 4018 4
3580 4019 8
3580 4020 5
3580 4021 4
3580 4022 1
3580 4023 3
3580 4024 8
3580 4025 1
3580 4026 8
3580 4027 2
3580 4028 10
3580 4029 9
3580 4030 1
3580 4031 2
3580 4032 8
3580 4033 4
3580 4034 7
3580 4035 7
3580 4036 5
3580 4037 10
3580 4038 6
3580 4039 5
3580 4040 10
3580 4041 10
3580 4042 8
3580 4043 6
3580 4044 2
3580 4045 7
3580 4046 3
3580 4047 6
3580 4048 10
3580 4049 2
3580 4050 6
3580 4051 4
3580 4052 4
3580 4053 5
3580 4054 10
3580 4055 8
3580 4056 4
3580 4057 1
3580 4058 7
3580 4059 6
3580 4060 4
3580 4061 4
3580 4062 7
3580 4063 3
3580 4064 1
3580 4065 7
3580 4066 2
3580 4067 3
3580 4068 4
3580 4069 3
3580 4070 7
4071 4072 9
4071 4073 9
4071 4074 7
4071 4075 1
4071 4076 5
4071 4077 5
4071 4078 3
4071 1443 10
4071 4079 2
4071 4080 7
4071 4081 2
4071 4082 2
4071 4083 3
4071 4084 1
4071 4085 3
4071 4086 3
4071 4087 4
4071 4088 8
4071 4089 9
4071 4090 1
4071 4091 4
4071 4092 2
4071 4093 7
4071 4094 7
4071 4095 9
4071 4096 8
4071 4097 7
4071 4098 9
4071 4099 4
4071 4100 9
4071 4101 2
4071 4102 10
4071 4103 1
4071 4104 1
4071 4105 10
4071 4106 2
4071 4107 10
4071 4108 6
4071 4109 4
4071 4110 10
4071 4111 3
4071 4112 5
4071 4113 5
4071 4114 4
4071 4115 9
4071 4116 10
4071 4117 6
4071 4118 7
4071 4119 6
4071 4120 8
4071 4121 8
4071 4122 2
4071 4123 3
4071 4124 6
4071 4125 7
4071 4126 2
4071 4127 4
4071 4128 10
4071 4129 3
4071 4130 8
4071 4131 1
4071 4132 6
4071 4133 3
4071 4134 2
4071 4135 7
4071 4136 9
4071 4137 7
4071 4138 8
4071 4139 9
4071 4140 3
4071 4141 3
4071 4142 10
4071 4143 9
4071 4144 10
4071 4145 7
4071 4146 6
4071 4147 2
4071 4148 7
4071 4149 7
4071 4150 5
4071 4151 10
4071 3117 4
4071 4152 7
4071 4153 6
4071 4154 3
4071 4155 5
4071 4156 2
4071 4157 7
4071 4158 5
4071 4159 10
4071 4160 3
4071 4161 4
4071 3186 6
4071 4162 2
4071 4163 2
4071 4164 8
4071 4165 8
4071 4166 10
4071 4167 2
4071 4168 9
4071 4169 6
4071 3258 6
4071 3428 5
4071 4170 10
4071 4171 1
4071 4172 9
4071 4173 9
4071 4174 4
4071 4175 5
4071 4176 9
4071 4177 10
4071 4178 9
4071 4179 5
4071 4180 1
4071 4181 7
4071 4182 9
4071 4183 8
4071 4184 5
4071 4185 7
4071 4186 3
4071 4187 1
4071 3563 8
4071 4188 8
4071 4189 1
4071 4190 3
4071 4191 8
4071 4192 6
4071 4193 5
4071 4194 9
4071 4195 1
4071 4196 2
4071 4197 7
4071 4198 10
4071 1459 5
4071 4199 6
4071 4200 4
4071 4201 7
4071 4202 9
4071 4203 6
4071 3483 6
4071 4204 6
4071 4205 6
4071 4206 7
4071 4207 4
4071 4208 7
4071 4209 3
4071 4210 1
4071 4211 9
4071 3315 4
4071 4212 8
4071 3333 5
4071 4213 4
4071 4214 9
4071 4215 7
4071 4216 4
4071 4217 7
4071 4218 3
4071 4219 2
4071 4220 7
4071 3532 1
4071 3395 5
4071 4221 10
4071 4222 5
4071 4223 3
4071 4224 7
4071 3577 3
4071 4225 4
4071 3500 7
4071 4226 7
4071 4227 6
4071 4228 6
4071 4229 2
4071 4230 9
4071 4231 2
4071 4232 5
4071 2708 5
4071 4233 8
4071 4234 10
4071 1487 7
4071 4235 6
4071 4236 1
4071 4237 10
4071 3326 2
4071 3447 5
4071 4238 6
4071 4239 4
4071 4240 7
4071 4241 1
4071 4242 4
4071 4243 9
4071 4244 9
4071 2595 7
4071 4245 3
4071 4246 6
4071 4247 3
4071 4248 6
4071 4249 3
4071 4250 3
4071 4251 8
4071 4252 10
4071 600 4
4071 4253 9
4071 4254 7
4071 4255 3
4071 4256 7
4071 4257 6
4071 4258 2
4071 4259 10
4071 4260 7
4071 642 10
4071 3422 2
4071 4261 7
4071 4262 9
4071 4263 10
4071 4264 7
4071 4265 2
4071 4266 3
4071 4267 2
4071 4268 5
4071 4269 2
4071 4270 4
4071 4271 9
4071 4272 8
4071 4273 2
4071 3175 5
4071 4274 8
4071 4275 10
4071 4276 9
4071 4277 7
4071 4278 4
4071 4279 10
4071 4280 8
4071 4281 1
4071 4282 4
4071 4283 10
4071 4284 8
4071 4285 6
4071 4286 8
4071 4287 9
4071 4288 10
4071 4289 6
4071 2609 8
4071 4290 5
4071 4291 6
4071 4292 8
4071 4293 9
4071 4294 8
4071 4295 8
4071 4296 3
4071 4297 6
4071 4298 9
4071 4299 6
4071 4300 3
4071 4301 10
4071 4302 2
4071 4303 7
4071 4304 4
4071 4305 7
4071 4306 7
4071 4307 8
4071 4308 4
4071 4309 10
4071 4310 10
4071 3279 2
4071 4311 3
4071 4312 4
4071 4313 10
4071 4314 5
4071 4315 9
4071 4316 6
4071 4317 2
4071 4318 8
4071 4319 8
4071 3529 8
4071 3547 9
4071 4320 4
4071 4321 10
4071 4322 7
4071 4323 6
4071 4324 1
4071 4325 4
4071 4326 1
4071 4327 5
4071 4328 10
4071 4329 5
4071 3166 10
4071 2610 4
4071 4330 1
4071 4331 2
4071 4332 8
4071 4333 3
4071 2661 5
4071 4334 10
4071 4335 1
4071 4336 4
4071 4337 8
4071 4338 2
4071 4339 5
4071 4340 4
4071 4341 3
4071 4342 5
4071 4343 7
4071 4344 1
4071 4345 10
4071 4346 3
4071 4347 4
4071 4348 6
4071 4349 4
4071 4350 7
4071 4351 8
4071 4352 9
4071 4353 10
4071 4354 7
4071 4355 6
4071 4356 3
4071 4357 1
4071 4358 8
4071 4359 3
4071 4360 5
4071 4361 10
4071 4362 2
4071 3485 10
4071 4363 9
4071 4364 5
4071 4365 4
4071 4366 6
4071 4367 3
4071 4368 2
4071 4369 9
4071 4370 5
4071 4371 7
4071 4372 2
4071 3462 7
4071 4373 3
4071 4374 5
4071 4375 6
4071 4376 8
4071 3320 6
4071 4377 8
4071 4378 10
4071 4379 9
4071 4380 8
4071 4381 1
4071 4382 9
4071 4383 4
4071 4384 3
4071 4385 4
4071 4386 9
4071 4387 8
4071 4388 10
4071 4389 5
4071 3378 9
4071 4390 10
4071 4391 3
4071 3303 6
4071 4392 10
4071 4393 6
4071 4394 10
4071 4395 5
4071 4396 5
4071 4397 4
4071 4398 7
4071 641 10
4071 4399 1
4071 4400 10
4071 4401 4
4071 2701 1
4071 4402 6
4071 4403 5
4071 2658 7
4071 4404 5
4071 4405 5
4071 4406 8
4071 4407 4
4071 4408 6
4071 4409 9
4071 4410 3
4071 4411 9
4071 4412 8
4071 4413 4
4071 4414 1
4071 4415 3
4071 3517 1
4071 4416 2
4071 4417 1
4071 4418 10
4071 4419 6
4071 4420 2
4071 4421 9
4071 4422 5
4071 4423 1
4071 4424 10
4071 4425 2
4071 4426 7
4071 4427 1
4071 4428 5
4071 4429 9
4071 4430 3
4071 3497 5
4071 4431 8
4071 4432 7
4071 4433 1
4071 4434 2
4071 4435 2
4071 4436 7
4071 4437 4
4071 4438 10
4071 4439 2
4071 4440 7
4071 4441 2
4071 4442 1
4071 4443 10
4071 2755 8
4071 4444 9
4071 4445 2
4071 4446 10
4071 4447 5
4071 3232 1
4071 4448 6
4071 3544 1
4071 4449 3
4071 4450 4
4071 4451 9
4071 4452 4
4071 2561 10
4071 4453 8
4071 4454 1
4071 4455 2
4071 4456 5
4071 4457 4
4071 4458 7
4071 4459 7
4071 4460 1
4071 4461 8
4071 4462 5
4071 4463 7
4071 4464 9
4071 4465 5
4071 4466 5
4071 4467 8
4071 4468 6
4071 4469 8
4071 4470 1
4071 4471 5
4071 4472 8
4071 4473 5
4071 4474 4
4071 4475 10
4071 4476 9
4071 4477 4
4071 4478 6
4071 4479 10
4071 4480 7
4071 4481 4
4071 4482 6
4071 4483 6
4071 4484 6
4071 4485 4
4071 4486 1
4071 4487 6
4071 4488 4
4071 4489 2
4071 4490 6
4071 4491 6
4071 4492 9
4071 3511 1
4071 4493 1
4071 4494 3
4071 4495 5
4071 4496 6
4071 4497 8
4071 4498 10
4071 4499 10
4071 4500 2
4071 4501 5
4071 4502 3
4071 4503 7
4071 4504 6
4071 2583 7
4071 4505 10
4071 4506 5
4071 4507 3
4071 4508 2
4071 3405 7
4071 4509 1
4071 3501 5
4071 4510 9
4071 4511 8
4071 4512 8
4071 4513 4
4071 4514 7
4071 4515 5
4071 4516 2
4071 4517 4
4071 4518 3
4071 4519 3
4071 4520 8
4071 4521 7
167 4522 3
167 4523 7
167 4524 5
167 4525 8
167 4526 7
167 4527 3
167 4528 10
167 4529 8
167 4530 3
167 4531 5
167 4532 10
167 4533 9
167 4534 8
167 4535 1
167 4536 2
167 4537 1
167 4538 1
167 4539 1
167 4540 3
167 4541 3
167 4542 10
167 4543 9
167 4544 5
167 4545 2
167 4546 4
167 4547 1
167 4548 3
167 4549 8
167 4550 2
167 4551 8
167 4552 5
167 4553 1
167 4554 3
167 4555 3
167 4556 8
167 4557 1
167 4558 9
167 4559 6
167 4560 5
167 4561 3
167 4562 7
167 4563 8
167 4564 6
167 4565 6
167 4566 2
167 4567 10
167 4568 6
167 4569 2
167 4570 10
167 4571 4
167 4572 4
167 4573 3
167 4574 3
167 1411 7
167 4575 1
167 4576 8
167 4577 1
167 4578 1
167 4579 6
167 4580 6
167 4581 7
167 4582 4
167 4583 5
167 4584 10
167 4585 7
167 4586 9
167 4587 6
167 4588 3
167 4589 4
167 4590 7
167 4591 5
167 4592 7
167 4593 2
167 4594 3
167 4595 10
167 4596 8
167 4597 2
167 4598 1
167 4599 3
167 4600 2
167 4601 7
167 4602 10
167 4603 7
167 4604 5
167 4605 1
167 4606 8
167 4607 1
167 4608 1
167 4609 9
167 4610 2
167 4611 7
167 4612 6
167 4613 9
167 4614 1
167 4615 1
167 4616 6
167 4617 10
167 4618 8
167 4619 8
167 4620 3
167 4621 10
167 4622 3
167 4623 7
167 4624 4
167 258 2
167 4625 10
167 4626 7
167 4627 7
167 4628 4
167 4629 9
167 4630 5
167 4631 10
167 4632 8
167 83 10
167 4633 10
167 4634 4
167 4635 7
167 4636 3
167 4637 5
167 4638 5
167 4639 8
167 4640 3
167 4641 6
167 4642 10
167 4643 8
167 4644 5
167 4645 5
167 4646 10
167 4647 2
167 4648 1
167 4649 9
167 4650 6
167 4651 2
167 4652 8
167 4653 5
167 4654 9
167 4655 5
167 4656 10
167 4657 5
167 4658 4
167 4659 4
167 4660 9
167 4661 1
167 4662 5
167 245 8
167 4663 1
167 4664 10
167 4665 6
167 4666 2
167 4667 7
167 4668 6
167 4669 9
167 4670 8
167 4671 9
167 4672 2
167 4673 4
167 4674 3
167 4675 6
167 4676 5
167 1 4
167 4677 6
167 4678 3
167 4679 1
167 4680 9
167 4681 10
167 4682 2
167 4683 2
167 4684 3
167 4685 1
167 4686 2
167 4687 2
167 4688 9
167 4689 1
167 4690 3
167 4691 3
167 4692 6
167 4693 8
167 471 4
167 4694 7
167 4695 6
167 4696 5
167 4697 6
167 4698 4
167 4699 4
167 4700 3
167 4701 10
167 4702 9
167 4703 3
167 4704 10
167 4705 5
167 4706 10
167 4707 5
167 4708 8
167 4709 5
167 4710 8
167 4711 3
167 4712 10
167 4713 3
167 4714 10
167 4715 9
167 4716 1
167 4717 1
167 4718 4
167 4719 3
167 4720 2
167 4721 4
167 4722 3
167 4723 1
167 4724 6
167 4725 3
167 4726 7
167 4727 7
167 4728 10
167 4729 10
167 4730 2
167 4731 5
167 4732 4
167 4733 9
167 4734 1
167 4735 3
167 4736 2
167 4737 5
167 4738 2
167 4739 4
167 4740 10
167 4741 1
167 4742 6
167 4743 7
167 4744 5
167 4745 10
167 4746 10
167 4747 4
167 4748 8
167 4749 8
167 4750 1
167 4751 6
167 4752 9
167 4753 5
167 4754 10
167 4755 1
167 4756 8
167 4757 1
167 4758 5
167 4759 7
167 4760 1
167 4761 7
167 4762 3
167 4763 6
167 4764 10
167 4765 9
167 4766 8
167 4767 5
167 4768 6
167 4769 7
167 4770 1
167 4771 6
167 4772 3
167 4773 3
167 4774 7
167 4775 1
167 4776 8
167 4777 10
167 4778 3
167 4779 9
167 4780 7
167 4781 4
167 4782 1
167 4783 7
167 4784 5
167 4785 6
167 62 3
167 4786 4
167 4787 4
167 4788 5
167 4789 2
167 4790 6
167 4791 2
167 4792 3
167 4793 4
167 2970 3
167 4794 3
167 4795 1
167 4796 8
167 4797 5
167 4798 6
167 4799 5
167 4800 6
167 4801 9
167 4802 1
167 4803 1
167 4804 2
167 4805 6
167 4806 2
167 4807 4
167 4808 10
167 4809 3
167 4810 1
167 4811 10
167 4812 6
167 4813 1
167 4814 10
167 4815 8
167 4816 6
167 4817 10
167 4818 9
167 4819 8
167 4820 6
167 4821 9
167 4822 6
167 4823 3
167 4824 6
167 4825 7
167 4826 2
167 4827 7
167 4498 5
167 4828 6
167 4829 5
167 4830 2
167 4831 7
167 4832 6
167 4833 10
167 4834 6
167 4835 7
167 4836 5
167 4837 5
167 4838 3
167 4839 9
167 4840 3
167 4841 1
167 4842 4
167 4843 7
167 4844 3
167 4845 10
167 4846 4
167 4847 9
167 4848 4
167 4849 7
167 4850 10
167 4851 6
167 4852 6
167 4853 3
167 4854 2
167 4855 4
167 4856 6
167 4857 1
167 4858 3
167 4859 2
167 8 8
167 4860 3
167 4861 1
167 4862 5
167 4863 7
167 4864 7
167 4865 10
167 4866 2
167 4867 7
167 4868 7
167 4869 9
167 4870 1
167 4871 5
167 4872 8
167 4873 4
167 4874 7
167 4875 4
167 4876 10
167 4877 10
167 4878 7
167 4879 2
167 4880 7
167 4881 5
167 4882 7
167 4883 1
167 4884 9
167 4885 7
167 4886 9
167 4887 6
167 4888 1
167 4889 10
167 4890 10
167 4891 5
167 4892 5
167 4893 1
167 4894 5
167 4895 4
167 4896 3
167 4897 7
167 4898 6
167 4899 2
167 4900 5
167 4901 3
167 4902 9
167 4903 5
167 4904 2
167 4905 5
167 4906 1
167 4907 6
167 4908 1
167 4909 2
167 4910 9
167 4911 9
167 4912 9
167 4913 10
167 4914 10
167 4915 1
167 4916 7
167 4917 2
167 4918 8
167 4919 8
167 4920 10
167 4921 4
167 4922 9
167 432 6
167 4923 4
167 4924 2
167 4925 4
167 4926 10
167 4927 5
167 4928 9
167 4929 1
167 4930 8
167 4931 4
167 4932 10
167 4933 3
167 4934 8
167 4935 1
167 4936 6
167 4937 8
167 4938 5
167 4939 5
167 4940 2
167 4941 9
167 4942 9
167 4943 3
167 4944 1
167 4945 6
167 4946 5
167 4947 9
167 4948 8
167 4949 1
167 4950 7
167 4951 4
167 4952 9
2954 4953 9
2954 4954 10
2954 4955 7
2954 4956 9
2954 4957 6
2954 4958 3
2954 4959 10
2954 4960 7
2954 4961 7
2954 4962 2
2954 4963 9
2954 4964 9
2954 4965 7
2954 4966 3
2954 4967 2
2954 4968 8
2954 4969 5
2954 4970 8
2954 4971 6
2954 4972 6
2954 4973 3
2954 4974 1
2954 4975 9
2954 4976 6
2954 4977 4
2954 4978 4
2954 4979 7
2954 4980 1
2954 4981 9
2954 4982 9
2954 4983 7
2954 4984 8
2954 4985 8
2954 4986 5
2954 4987 10
2954 4988 7
2954 4989 7
2954 4990 4
2954 4991 7
2954 4992 8
2954 4993 9
2954 4994 8
2954 4995 10
2954 4996 5
2954 4997 8
2954 4998 9
2954 4999 5
2954 5000 7
2954 5001 10
