501 499 498
1 3 9
1 4 1
1 5 5
1 6 3
1 7 9
1 8 5
1 9 9
1 10 7
1 11 6
1 12 10
1 13 2
1 14 5
1 15 1
1 16 3
1 17 10
1 18 9
1 19 1
1 20 7
1 21 2
1 22 6
1 23 10
1 24 1
1 25 2
1 26 6
1 27 9
1 28 1
1 29 4
1 30 10
1 31 10
1 32 10
1 33 9
1 34 9
1 35 9
1 36 5
1 37 10
1 38 8
1 39 1
1 40 8
1 41 9
1 42 1
1 43 2
1 44 3
1 45 1
1 46 8
1 47 9
1 48 10
1 49 10
1 50 4
1 51 7
1 52 7
1 53 8
1 54 9
1 55 9
1 56 2
1 57 8
1 58 10
1 59 7
1 60 7
1 61 9
1 62 8
1 63 8
1 64 1
1 65 5
1 66 3
1 67 4
1 68 7
1 69 3
1 70 9
1 71 3
1 72 5
1 73 5
1 74 1
1 75 6
1 76 5
1 77 5
1 78 7
1 79 5
1 80 8
1 81 7
1 82 3
1 83 6
1 84 6
1 85 10
1 86 10
1 87 1
1 88 3
1 89 1
1 90 8
1 91 10
1 92 2
1 93 3
1 94 9
1 95 2
1 96 9
1 97 10
1 98 4
1 99 10
1 100 4
1 101 7
1 102 3
1 103 8
1 104 9
1 105 5
1 106 6
1 107 8
1 108 4
1 109 3
1 110 5
1 111 5
1 112 5
1 113 5
1 114 1
1 115 10
1 116 3
1 117 9
1 118 1
1 119 1
1 120 7
1 121 10
1 122 5
1 123 5
1 124 6
1 125 8
1 126 5
1 127 4
1 128 3
1 129 4
1 130 9
1 131 8
1 132 3
1 133 6
1 134 1
1 135 4
1 136 3
1 137 2
1 138 3
1 139 3
1 140 6
1 141 7
1 142 8
1 143 3
1 144 2
1 145 9
1 146 8
1 147 4
1 148 3
1 149 8
1 150 1
1 151 1
1 152 8
1 153 3
1 154 3
1 155 3
1 156 5
1 157 3
1 158 2
1 159 4
1 160 9
1 161 3
1 162 9
1 163 5
1 164 2
1 165 8
1 166 10
1 167 3
1 168 5
1 169 10
1 170 4
1 171 7
1 172 5
1 173 9
1 174 8
1 175 9
1 176 9
1 177 6
1 178 10
1 179 3
1 180 7
1 181 8
1 182 3
1 183 3
1 184 3
1 185 3
1 186 7
1 187 8
1 188 4
1 189 1
1 190 4
1 191 10
1 192 9
1 193 10
1 194 3
1 195 7
1 196 1
1 197 9
1 198 7
1 199 8
1 200 2
1 201 2
1 202 9
1 203 4
1 204 1
1 205 3
1 206 10
1 207 9
1 208 6
1 209 10
1 210 2
1 211 7
1 212 6
1 213 10
1 214 4
1 215 6
1 216 8
1 217 7
1 218 2
1 219 9
1 220 5
1 221 7
1 222 7
1 223 3
1 224 6
1 225 7
1 226 1
1 227 1
1 228 3
1 229 7
1 230 4
1 231 8
1 232 3
1 233 3
1 234 7
1 235 3
1 236 6
1 237 4
1 238 1
1 239 2
1 240 8
1 241 2
1 242 9
1 243 4
1 244 10
1 245 1
1 246 1
1 247 5
1 248 8
1 249 4
1 250 6
1 251 9
1 252 7
1 253 8
1 254 1
1 255 1
1 256 9
1 257 9
1 258 3
1 259 10
1 260 7
1 261 2
1 262 8
1 263 7
1 264 9
1 265 2
1 266 7
1 267 7
1 268 8
1 269 7
1 270 7
1 271 10
1 272 6
1 273 4
1 274 8
1 275 9
1 276 4
1 277 6
1 278 3
1 279 4
1 280 10
1 281 10
1 282 6
1 283 4
1 284 2
1 285 5
1 286 9
1 287 3
1 288 10
1 289 3
1 290 8
1 291 4
1 292 6
1 293 4
1 294 4
1 295 3
1 296 1
1 297 8
1 298 9
1 299 6
1 300 4
1 301 8
1 302 2
1 303 10
1 304 10
1 305 10
1 306 6
1 307 1
1 308 2
1 309 7
1 310 7
1 311 8
1 312 8
1 313 7
1 314 8
1 315 10
1 316 7
1 317 1
1 318 10
1 319 9
1 320 9
1 321 4
1 322 2
1 323 8
1 324 9
1 325 3
1 326 3
1 327 4
1 328 7
1 329 7
1 330 8
1 331 10
1 332 3
1 333 4
1 334 8
1 335 10
1 336 2
1 337 8
1 338 2
1 339 1
1 340 4
1 341 10
1 342 10
1 343 7
1 344 8
1 345 1
1 346 6
1 347 8
1 348 3
1 349 5
1 350 8
1 351 1
1 352 5
1 353 7
1 354 4
1 355 2
1 356 8
1 357 1
1 358 3
1 359 8
1 360 7
1 361 7
1 362 2
1 363 5
1 364 10
1 365 3
1 366 1
1 367 1
1 368 8
1 369 4
1 370 9
1 371 6
1 372 9
1 373 1
1 374 8
1 375 2
1 376 9
1 377 3
1 378 3
1 379 10
1 380 9
1 381 2
1 382 1
1 383 10
1 384 8
1 385 1
1 386 10
1 387 4
1 388 9
1 389 8
1 390 1
1 391 9
1 392 8
1 393 5
1 394 2
1 395 1
1 396 10
1 397 9
1 398 6
1 399 4
1 400 9
1 401 3
1 402 1
1 403 5
1 404 8
1 405 3
1 406 6
1 407 8
1 408 9
1 409 1
1 410 4
1 411 3
1 412 7
1 413 3
1 414 5
1 415 5
1 416 3
1 417 1
1 418 4
1 419 8
1 420 3
1 421 1
1 422 10
1 423 4
1 424 9
1 425 5
1 426 1
1 427 9
1 428 5
1 429 2
1 430 8
1 431 10
1 432 5
1 433 5
1 434 7
1 435 6
1 436 2
1 437 3
1 438 9
1 439 5
1 440 6
1 441 1
1 442 3
1 443 10
1 444 9
1 445 5
1 446 2
1 447 10
1 448 5
1 449 9
1 450 10
1 451 7
1 452 3
1 453 4
1 454 6
1 455 3
1 456 2
1 457 9
1 458 7
1 459 3
1 460 4
1 461 9
1 462 3
1 463 2
1 464 3
1 465 5
1 466 4
1 467 4
1 468 6
1 469 3
1 470 6
1 471 4
1 472 4
1 473 9
1 474 2
1 475 3
1 476 5
1 477 1
1 478 6
1 479 6
1 480 6
1 481 7
1 482 7
1 483 9
1 484 8
1 485 2
1 486 8
1 487 1
1 488 9
1 489 5
1 490 10
1 491 9
492 493 1
492 494 1
492 495 2
492 496 3
492 497 6
492 498 1
492 499 8
492 500 8
492 501 7
